key,0,1,2,3,4,5,6,7,8,9,10,11,12,13,14,15,16,17
#,Singular,Adjective,Plural,PossessivePronoun,StartsWithVowel,,Pronoun,Article,,Name,Icon,Action,StackSize,,Quest,CastTime,CastTimeline,Timeline
int32,str,sbyte,str,sbyte,sbyte,sbyte,sbyte,sbyte,bit&01,str,Image,Action,byte,byte,Quest,byte,EventItemCastTimeline,byte
2000000,"",0,"",0,0,1,0,0,False,"",,"",1,1,,0,"normal/item_start",0
2000021,"奥妮莉的发饰",0,"オニィーの髪飾り",0,0,1,0,0,False,"","ui/icon/022000/022623.tex","任务道具",1,1,,3,"normal/item_start",0
2000024,"崭新的工具箱",0,"真新しい工具箱",0,0,1,0,0,False,"","ui/icon/021000/021002.tex","任务道具",1,1,"修补过去",3,"normal/item_start",0
2000028,"阿泽玛玫瑰",0,"アーゼマローズ",0,0,1,0,0,False,"","ui/icon/025000/025919.tex","任务道具",1,1,"信任的花蕾",3,"normal/item_start",0
2000029,"小型金具",0,"小さな金具",0,0,1,0,0,False,"","ui/icon/021000/021007.tex","任务道具",1,1,"私语巨木鸟栏的金具",3,"normal/item_start",0
2000038,"烈火糖果",0,"ファイアキャンディ",0,0,1,0,0,False,"","ui/icon/022000/022624.tex","任务道具",1,1,"守护天节的魔法糖果",3,"normal/item_start",0
2000039,"疾风糖果",0,"ウィンドキャンディ",0,0,1,0,0,False,"","ui/icon/022000/022625.tex","任务道具",1,1,"守护天节的魔法糖果",3,"normal/item_start",0
2000040,"厚土糖果",0,"アースキャンディ",0,0,1,0,0,False,"","ui/icon/022000/022626.tex","任务道具",1,1,"守护天节的魔法糖果",3,"normal/item_start",0
2000041,"爆弹怪的拇指",0,"ボムの親指",0,0,1,0,0,False,"","ui/icon/030000/030351.tex","任务道具",5,1,"守护天节的诡异灯笼",3,"normal/item_start",0
2000042,"守护天灯笼",0,"守護天節のランタン",0,0,1,0,0,False,"","ui/icon/024000/024153.tex","任务道具",1,1,"守护天节的捣蛋闹剧",5,"normal/item_start",0
2000043,"爆弹怪的拇指",0,"ボムの親指",0,0,1,0,0,False,"","ui/icon/030000/030351.tex","任务道具",1,1,"守护天节的捣蛋闹剧",3,"normal/item_start",0
2000044,"捣蛋鬼烟花棒",0,"いたずらスパークラー",0,0,1,0,0,False,"","ui/icon/022000/022647.tex","任务道具",1,1,"守护天节的捣蛋闹剧",3,"normal/item_start",0
2000045,"烈火糖果",0,"ファイアキャンディ",0,0,1,0,0,False,"","ui/icon/022000/022624.tex","任务道具",1,1,"守护天节的魔法糖果",3,"normal/item_start",0
2000046,"疾风糖果",0,"ウィンドキャンディ",0,0,1,0,0,False,"","ui/icon/022000/022625.tex","任务道具",1,1,"守护天节的魔法糖果",3,"normal/item_start",0
2000047,"厚土糖果",0,"アースキャンディ",0,0,1,0,0,False,"","ui/icon/022000/022626.tex","任务道具",1,1,"守护天节的魔法糖果",3,"normal/item_start",0
2000048,"爆弹怪的拇指",0,"ボムの親指",0,0,1,0,0,False,"","ui/icon/030000/030351.tex","任务道具",5,1,"守护天节的诡异灯笼",3,"normal/item_start",0
2000049,"守护天灯笼",0,"守護天節のランタン",0,0,1,0,0,False,"","ui/icon/024000/024153.tex","任务道具",1,1,"守护天节的捣蛋闹剧",5,"normal/item_start",0
2000050,"爆弹怪的拇指",0,"ボムの親指",0,0,1,0,0,False,"","ui/icon/030000/030351.tex","任务道具",1,1,"守护天节的捣蛋闹剧",3,"normal/item_start",0
2000051,"捣蛋鬼烟花棒",0,"いたずらスパークラー",0,0,1,0,0,False,"","ui/icon/022000/022646.tex","任务道具",1,1,"守护天节的捣蛋闹剧",3,"normal/item_start",0
2000052,"烈火糖果",0,"ファイアキャンディ",0,0,1,0,0,False,"","ui/icon/022000/022624.tex","任务道具",1,1,"守护天节的魔法糖果",3,"normal/item_start",0
2000053,"疾风糖果",0,"ウィンドキャンディ",0,0,1,0,0,False,"","ui/icon/022000/022625.tex","任务道具",1,1,"守护天节的魔法糖果",3,"normal/item_start",0
2000054,"厚土糖果",0,"アースキャンディ",0,0,1,0,0,False,"","ui/icon/022000/022626.tex","任务道具",1,1,"守护天节的魔法糖果",3,"normal/item_start",0
2000055,"爆弹怪的拇指",0,"ボムの親指",0,0,1,0,0,False,"","ui/icon/030000/030351.tex","任务道具",5,1,"守护天节的诡异灯笼",3,"normal/item_start",0
2000056,"守护天灯笼",0,"守護天節のランタン",0,0,1,0,0,False,"","ui/icon/024000/024153.tex","任务道具",1,1,"守护天节的捣蛋闹剧",5,"normal/item_start",0
2000057,"爆弹怪的拇指",0,"ボムの親指",0,0,1,0,0,False,"","ui/icon/030000/030351.tex","任务道具",1,1,"守护天节的捣蛋闹剧",3,"normal/item_start",0
2000058,"捣蛋鬼烟花棒",0,"いたずらスパークラー",0,0,1,0,0,False,"","ui/icon/022000/022645.tex","任务道具",1,1,"守护天节的捣蛋闹剧",3,"normal/item_start",0
2000061,"琥珀色药水",0,"琥珀色の薬液",0,0,1,0,0,False,"","ui/icon/020000/020661.tex","任务道具",3,1,"追求平常心",3,"normal/item_start",0
2000062,"沙蚤的卵囊",0,"チゴーの卵袋",0,0,1,0,0,False,"","ui/icon/022000/022623.tex","任务道具",8,1,"沙蚤的卵袋",3,"normal/item_start",0
2000071,"变色龙蛋",0,"アノールの卵",0,0,1,0,0,False,"","ui/icon/025000/025251.tex","任务道具",4,1,"森林面对的威胁",3,"normal/item_start",0
2000074,"手工鳗鱼派",0,"お手製のイールパイ",0,0,1,0,0,False,"","ui/icon/024000/024305.tex","任务道具",1,1,"冒险者入门",3,"normal/item_start",0
2000075,"达梅塔的豆子袋",0,"アメッタの豆袋",0,0,1,0,0,False,"","ui/icon/022000/022623.tex","任务道具",6,1,"豆子小偷的末日",3,"normal/item_start",0
2000076,"给艾美利亚的信",0,"エメリア宛ての手紙",0,0,1,0,0,False,"","ui/icon/026000/026151.tex","任务道具",1,1,"陌生的礼物",3,"normal/item_start",0
2000077,"小口花的嫩叶",0,"コチューの若葉",0,0,1,0,0,False,"","ui/icon/025000/025201.tex","任务道具",4,1,"磨豆妇人的小知识",0,"normal/item_start",0
2000079,"约恩娜的密封信",0,"フ・ミバスの封書",0,0,1,0,0,False,"","ui/icon/025000/025918.tex","",1,1,"强人所难",0,"normal/item_start",0
2000080,"粮草袋",0,"糧秣袋",0,0,1,0,0,False,"","ui/icon/022000/022623.tex","",1,1,"小搬运工",0,"normal/item_start",0
2000081,"骨制枪尖",0,"骨製の穂先",0,0,1,0,0,False,"","ui/icon/022000/022303.tex","",1,1,"一举两得",0,"normal/item_start",0
2000082,"蜂蜡保革油",0,"蜜蝋の保革油",0,0,1,0,0,False,"","ui/icon/022000/022636.tex","",1,1,"一举两得",0,"normal/item_start",0
2000083,"强韧的粗草绳",0,"丈夫な荒縄",0,0,1,0,0,False,"","ui/icon/026000/026103.tex","",1,1,"一举两得",0,"normal/item_start",0
2000084,"阿泽玛玫瑰果",0,"アーゼマローズの実",0,0,1,0,0,False,"","ui/icon/025000/025302.tex","任务道具",6,1,"失落之种",0,"normal/item_start",0
2000085,"新鲜的基萨尔野菜",0,"新鮮なギサールの野菜",0,0,1,0,0,False,"","ui/icon/025000/025218.tex","任务道具",1,1,"可靠的搭档",3,"normal/item_start",0
2000092,"小红花的种子",0,"ローズレットの種子",0,0,1,0,0,False,"","ui/icon/022000/022623.tex","任务道具",6,1,"牧场主的心事",3,"normal/item_start",0
2000093,"新鲜的蛛蝎网",0,"新鮮なダイアマイトウェブ",0,0,1,0,0,False,"","ui/icon/021000/021664.tex","任务道具",6,1,"围栏秘诀",3,"normal/item_start",0
2000094,"蜂毒酒",0,"蜂漬けの毒酒",0,0,1,0,0,False,"","ui/icon/024000/024403.tex","任务道具",1,1,"瓶中毒物",3,"normal/item_start",0
2000095,"小火种",0,"小さな火種",0,0,1,0,0,False,"","ui/icon/030000/030352.tex","任务道具",1,1,"熄灭妖火",3,"normal/item_start",0
2000096,"蕾亚的蛋",0,"レイアの卵",0,0,1,0,0,False,"","ui/icon/025000/025252.tex","任务道具",1,1,"蕾亚的遗物",3,"normal/item_start",0
2000097,"凯夏的密封信",0,"ケーシャの封書",0,0,1,0,0,False,"","ui/icon/025000/025918.tex","任务道具",1,1,,3,"normal/item_start",0
2000098,"绯红色虫油",0,"緋色の虫油",0,0,1,0,0,False,"","ui/icon/020000/020641.tex","任务道具",6,1,"仪式准备",0,"normal/item_start",0
2000099,"黄蜂尸骸",0,"蜂の死骸",0,0,1,0,0,False,"","ui/icon/022000/022623.tex","任务道具",4,1,"瓶中毒物",3,"normal/item_start",0
2000100,"走味的麦酒",0,"気の抜けたエール",0,0,1,0,0,False,"","ui/icon/020000/020643.tex","任务道具",3,1,"无法治愈的创伤",3,"normal/item_start",0
2000101,"阿泽玛玫瑰精油",0,"アーゼマローズの香油",0,0,1,0,0,False,"","ui/icon/020000/020663.tex","任务道具",2,1,"以香识人",3,"normal/item_start",0
2000102,"勇气之卵石",0,"勇気の丸石",0,0,1,0,0,False,"","ui/icon/021000/021451.tex","任务道具",1,1,"勇气之卵石",0,"normal/item_start",0
2000103,"枯叶色的精油",0,"朽葉色の香油",0,0,1,0,0,False,"","ui/icon/022000/022636.tex","任务道具",1,1,,3,"normal/item_start",0
2000104,"陈旧的八分仪",0,"古びた八分儀",0,0,1,0,0,False,"","ui/icon/021000/021002.tex","任务道具",1,1,"冒险者入门",3,"normal/item_start",0
2000105,"陈旧的八分仪",0,"古びた八分儀",0,0,1,0,0,False,"","ui/icon/021000/021002.tex","任务道具",1,1,"冒险者入门",3,"normal/item_start",0
2000119,"手工鳗鱼派",0,"お手製のイールパイ",0,0,1,0,0,False,"","ui/icon/024000/024305.tex","任务道具",1,1,"冒险者入门",3,"normal/item_start",0
2000120,"手工鳗鱼派",0,"お手製のイールパイ",0,0,1,0,0,False,"","ui/icon/024000/024305.tex","任务道具",1,1,"冒险者入门",3,"normal/item_start",0
2000121,"无浊的清水",0,"濁りなき清水",0,0,1,0,0,False,"","ui/icon/022000/022614.tex","任务道具",1,1,"水之试炼",3,"normal/item_start",0
2000122,"勇气之卵石",0,"勇気の丸石",0,0,1,0,0,False,"","ui/icon/021000/021451.tex","任务道具",1,1,"勇气之卵石",0,"normal/item_start",0
2000123,"魔导感光器",0,"魔導フォトセル",0,0,1,0,0,False,"","ui/icon/022000/022625.tex","任务道具",99,1,,0,"normal/item_start",0
2000124,"食腐沙蚤的卵囊",0,"キャリオンチゴーの卵袋",0,0,1,0,0,False,"","ui/icon/022000/022623.tex","",99,1,,0,"normal/item_start",0
2000125,"僵尸的遗留物",0,"ゾンビーの遺留物",0,0,1,0,0,False,"","ui/icon/022000/022623.tex","",99,1,,0,"normal/item_start",0
2000126,"大个的蜜蜂",0,"大ぶりの蜜蜂",0,0,1,0,0,False,"","ui/icon/027000/027002.tex","",99,1,,0,"normal/item_start",0
2000127,"滑润的嫩叶",0,"ヌメヌメ若葉",0,0,1,0,0,False,"","ui/icon/025000/025201.tex","",99,1,,0,"normal/item_start",0
2000128,"偷猎的皮革",0,"密猟された皮革",0,0,1,0,0,False,"","ui/icon/021000/021002.tex","",99,1,,0,"normal/item_start",0
2000136,"无名的密封信",0,"無記名の封書",0,0,1,0,0,False,"","ui/icon/025000/025918.tex","任务道具",1,1,"情报的价值",3,"normal/item_start",0
2000137,"剑斗士弗朗茨的海报",0,"剣闘士フランツのポスター",0,0,1,0,0,False,"","ui/icon/025000/025906.tex","任务道具",3,1,"妻管严的悲剧",3,"normal/searchaction_start",1
2000138,"鼩鼱的粗皮",0,"スナッピングシュルーから採れる毛皮",0,0,1,0,0,False,"","ui/icon/021000/021809.tex","任务道具",5,1,"皮革制品的材料",3,"normal/item_start",0
2000140,"暖和的麻袋",0,"生温かい麻袋",0,0,1,0,0,False,"","ui/icon/022000/022628.tex","任务道具",1,1,"温暖的气息",3,"normal/item_start",0
2000141,"测量记录册",0,"測量記録書",0,0,1,0,0,False,"","ui/icon/026000/026151.tex","任务道具",1,1,"寻找测量器材",3,"normal/item_start",0
2000142,"盲头蟹的甲壳",0,"ボッグヤーゾンの甲殻",0,0,1,0,0,False,"","ui/icon/022000/022252.tex","任务道具",4,1,"筹集弓兵教材",0,"normal/item_start",0
2000143,"灯火茸",0,"トモシビタケ",0,0,1,0,0,False,"","ui/icon/025000/025402.tex","任务道具",1,1,"发光的灯火茸",3,"normal/item_start",0
2000144,"蚜虫",0,"アブラムシ",0,0,1,0,0,False,"","ui/icon/027000/027003.tex","任务道具",1,1,"慰劳哨塔",3,"normal/item_start",0
2000146,"测量工具箱",0,"測量道具箱",0,0,1,0,0,False,"","ui/icon/021000/021002.tex","任务道具",2,1,"寻找测量器材",3,"normal/item_start",0
2000147,"测量用的粗绳",0,"測量用の荒縄",0,0,1,0,0,False,"","ui/icon/026000/026103.tex","任务道具",1,1,"寻找测量器材",3,"normal/item_start",0
2000148,"东阿尔迪纳德商会的货物",0,"東アルデナード商会の荷物",0,0,1,0,0,False,"","ui/icon/021000/021003.tex","任务道具",3,1,"忙碌的中转站",3,"normal/item_start",0
2000149,"仙人掌露",0,"サボテン水",0,0,1,0,0,False,"","ui/icon/020000/020642.tex","任务道具",4,1,"应急措施",3,"normal/item_start",0
2000150,"法法弗诺的货物",0,"ファファフォノの荷物",0,0,1,0,0,False,"","ui/icon/021000/021003.tex","任务道具",3,1,"失落的骄傲",3,"normal/item_start",0
2000151,"魔菇的毒孢子囊",0,"ファンガーの毒胞子袋",0,0,1,0,0,False,"","ui/icon/025000/025403.tex","",99,1,,0,"normal/item_start",0
2000152,"建筑用小口花卷须",0,"建材用コチューのつる",0,0,1,0,0,False,"","ui/icon/026000/026103.tex","",99,1,,0,"normal/item_start",0
2000153,"天然磁石",0,"天然磁石",0,0,1,0,0,False,"","ui/icon/021000/021209.tex","任务道具",3,1,"修理指南针",3,"normal/item_start",0
2000154,"黄铜制拟饵",0,"黄銅製のルアー",0,0,1,0,0,False,"","ui/icon/027000/027055.tex","任务道具",2,1,"失与得",3,"normal/item_start",0
2000164,"矿爬虫油",0,"コブランの虫油",0,0,1,0,0,False,"","ui/icon/020000/020663.tex","任务道具",4,1,"夯实大地的震动",3,"normal/item_start",0
2000165,"给莫莫蒂的信",0,"モモディ宛の手紙",0,0,1,0,0,False,"","ui/icon/025000/025918.tex","任务道具",1,1,"银光闪耀的故乡",3,"normal/item_start",0
2000168,"灵蚁的大颚",0,"アントリングの大顎",0,0,1,0,0,False,"","ui/icon/022000/022205.tex","任务道具",5,1,"黑尘驿站的除蚁工作",3,"normal/item_start",0
2000169,"锤喙魔鸟的骨片",0,"ハンマービークの骨片",0,0,1,0,0,False,"","ui/icon/022000/022202.tex","任务道具",1,1,,3,"normal/item_start",0
2000170,"大块银矿石",0,"大ぶりの銀鉱 ",0,0,1,0,0,False,"","ui/icon/021000/021211.tex","任务道具",1,1,,3,"normal/item_start",0
2000177,"锤喙魔鸟的骨片",0,"ハンマービークの骨片",0,0,1,0,0,False,"","ui/icon/022000/022202.tex","任务道具",8,1,"过时的方法也有市场",3,"normal/item_start",0
2000185,"宝贝钓竿",0,"愛用の釣竿",0,0,1,0,0,False,"","ui/icon/038000/038201.tex","任务道具",1,1,"捕鱼人的搭档",3,"normal/item_start",0
2000186,"洛兹琳的传令信",0,"ロズリンからの伝令文",0,0,1,0,0,False,"","ui/icon/026000/026151.tex","任务道具",1,1,"传阅传令信",3,"normal/item_start",0
2000187,"洛兹琳的传令信",0,"ロズリンからの伝令文",0,0,1,0,0,False,"","ui/icon/026000/026151.tex","任务道具",1,1,"传阅传令信",3,"normal/item_start",0
2000188,"洛兹琳的传令信",0,"ロズリンからの伝令文",0,0,1,0,0,False,"","ui/icon/026000/026151.tex","任务道具",1,1,"传阅传令信",3,"normal/item_start",0
2000189,"装有冷水的水瓶",0,"冷水入りの水瓶",0,0,1,0,0,False,"","ui/icon/025000/025055.tex","任务道具",1,1,,3,"normal/item_start",0
2000191,"陌生的皮袋",0,"見慣れぬ革袋",0,0,1,0,0,False,"","ui/icon/025000/025919.tex","任务道具",1,1,"潜入牧场的黑影",3,"normal/item_start",0
2000192,"妮美雅百合花束",0,"ニメーヤリリーの花束",0,0,1,0,0,False,"","ui/icon/022000/022627.tex","任务道具",3,1,"献给墓园的花",3,"normal/item_start",0
2000193,"千年果实",0,"千年果実",0,0,1,0,0,False,"","ui/icon/025000/025308.tex","",99,1,,0,"normal/item_start",0
2000196,"阿莱温的药草补剂",0,"エールウィンの薬草トニック",0,0,1,0,0,False,"","ui/icon/020000/020661.tex","任务道具",1,1,"寻求新药",3,"normal/item_start",0
2000197,"古老的陶器",0,"古めかしい陶器",0,0,1,0,0,False,"","ui/icon/025000/025055.tex","任务道具",1,1,"白玉小巷的出土物",3,"normal/item_start",0
2000198,"散落的金币",0,"バラまかれたギル貨幣",0,0,1,0,0,False,"","ui/icon/025000/025919.tex","任务道具",5,1,"富豪的小钱",3,"normal/item_start",0
2000199,"南瓜的兑换凭单",0,"パンプキンの引替伝票",0,0,1,0,0,False,"","ui/icon/025000/025906.tex","任务道具",1,1,"预约的礼品",3,"normal/item_start",0
2000200,"羚羊腌肉",0,"アンテロープの塩漬け肉",0,0,1,0,0,False,"","ui/icon/024000/024353.tex","任务道具",1,1,,3,"normal/item_start",0
2000201,"装饰品的订单",0,"装飾具の注文書",0,0,1,0,0,False,"","ui/icon/026000/026151.tex","任务道具",1,1,"新手剑术师的请求",3,"normal/item_start",0
2000203,"装有姆恩·图伊豆的木箱",0,"ムントゥイ豆入りの木箱",0,0,1,0,0,False,"","ui/icon/021000/021003.tex","任务道具",1,1,,3,"normal/item_start",0
2000204,"小型幻杖",0,"小さな幻具",0,0,1,0,0,False,"","ui/icon/032000/032412.tex","任务道具",1,1,,3,"normal/item_start",0
2000205,"小型幻杖",0,"小さな幻具",0,0,1,0,0,False,"","ui/icon/032000/032412.tex","任务道具",1,1,,3,"normal/item_start",0
2000206,"狩猎工具箱",0,"狩猟道具箱",0,0,1,0,0,False,"","ui/icon/021000/021002.tex","任务道具",3,1,,3,"normal/item_start",0
2000209,"羚羊内脏",0,"アンテロープの臓物",0,0,1,0,0,False,"","ui/icon/029000/029002.tex","任务道具",4,1,,3,"normal/item_start",0
2000210,"大口花的嫩叶",0,"オチューの若葉",0,0,1,0,0,False,"","ui/icon/025000/025201.tex","任务道具",4,1,,3,"normal/item_start",0
2000211,"新鲜鼹鼠肉",0,"新鮮なモールの肉",0,0,1,0,0,False,"","ui/icon/025000/025155.tex","任务道具",2,1,"美味的入侵者",3,"normal/item_start",0
2000212,"大块银矿石",0,"大ぶりの銀鉱",0,0,1,0,0,False,"","ui/icon/021000/021215.tex","任务道具",1,1,"矿石狂",3,"normal/item_start",0
2000214,"鬼鮟鱇的白肉",0,"オロボンの白身",0,0,1,0,0,False,"","ui/icon/029000/029002.tex","任务道具",4,1,"新灵感",3,"normal/item_start",0
2000215,"六识之鲜血",0,"六識の鮮血",0,0,1,0,0,False,"","ui/icon/022000/022601.tex","任务道具",4,1,,3,"normal/item_start",0
2000216,"带有艾玛吉娜印记的木箱",0,"アマジナ印の木箱",0,0,1,0,0,False,"","ui/icon/021000/021002.tex","任务道具",3,1,"攻入鼠巢",3,"normal/item_start",0
2000217,"纳尔迪克＆威米利作坊的密封信",0,"ナルディク＆ヴィメリー社の封書",0,0,1,0,0,False,"","ui/icon/025000/025918.tex","任务道具",1,1,"前往莫拉比造船厂",3,"normal/item_start",0
2000218,"瓦福福的手工盒饭",0,"ララフェルの弁当",0,0,1,0,0,False,"","ui/icon/022000/022641.tex","任务道具",4,1,"造船师的动力",3,"normal/item_start",0
2000219,"雷元精核心",0,"ライトニングエレメンタルの核",0,0,1,0,0,False,"","ui/icon/021000/021265.tex","任务道具",3,1,"卯足了劲打铆钉",3,"normal/item_start",0
2000220,"完好的黑豺利牙",0,"ハイエナの牙",0,0,1,0,0,False,"","ui/icon/022000/022303.tex","任务道具",4,1,"孤独的灯塔守卫",3,"normal/item_start",0
2000221,"渡渡鸟腐肉",0,"ドードーの腐肉",0,0,1,0,0,False,"","ui/icon/024000/024353.tex","任务道具",1,1,"抵制外来物种",3,"normal/item_start",0
2000222,"胜利号的帆布",0,"ヴィクトリー号の操舵輪",0,0,1,0,0,False,"","ui/icon/021000/021602.tex","任务道具",1,1,"不见踪影的造船师",3,"normal/item_start",0
2000223,"胜利号的舵轮",0,"ヴィクトリー号の索具",0,0,1,0,0,False,"","ui/icon/021000/021003.tex","任务道具",1,1,"不见踪影的造船师",3,"normal/item_start",0
2000224,"胜利号的缆索",0,"ヴィクトリー号の帆布",0,0,1,0,0,False,"","ui/icon/020000/020910.tex","任务道具",1,1,"不见踪影的造船师",3,"normal/item_start",0
2000225,"拉诺西亚百合铃",0,"ラノシア・リリーベル",0,0,1,0,0,False,"","ui/icon/025000/025022.tex","任务道具",1,1,"果敢的灯塔守卫",3,"normal/item_start",0
2000228,"满是泥土的土器",0,"泥まみれの土器",0,0,1,0,0,False,"","ui/icon/025000/025054.tex","任务道具",5,1,,3,"normal/item_start",0
2000229,"含有魔力的剑",0,"魔力を感じる剣",0,0,1,0,0,False,"","ui/icon/030000/030426.tex","任务道具",1,1,"追踪可疑者",3,"normal/item_start",0
2000230,"恶臭的诱饵",0,"不快な臭いの虫ダンゴ",0,0,1,0,0,False,"","ui/icon/021000/021005.tex","任务道具",2,1,"无惧的尖枪",3,"normal/item_start",0
2000231,"骨制警笛",0,"骨細工の警笛",0,0,1,0,0,False,"","ui/icon/025000/025919.tex","任务道具",3,1,,3,"normal/item_start",0
2000232,"盛花蜂蜜酒",0,"フルフラワーの蜂蜜酒",0,0,1,0,0,False,"","ui/icon/025000/025057.tex","任务道具",1,1,"功勋卓越之人",3,"normal/item_start",0
2000233,"气球怪的小指",0,"バルーンの小指",0,0,1,0,0,False,"","ui/icon/025000/025911.tex","任务道具",6,1,"功勋卓越之人",3,"normal/item_start",0
2000234,"金库灵柩亭的订单",0,"コッファー＆コフィンの注文票",0,0,1,0,0,False,"","ui/icon/026000/026153.tex","任务道具",4,1,"杂乱的订单",3,"normal/item_start",0
2000235,"深色炼金药",0,"鈍色の錬金薬",0,0,1,0,0,False,"","ui/icon/024000/024403.tex","任务道具",1,1,"实力的证明",3,"normal/item_start",0
2000236,"沾满血的猪牙",0,"血塗れたボアの牙",0,0,1,0,0,False,"","ui/icon/022000/022301.tex","任务道具",10,1,"命运的长枪",3,"normal/item_start",0
2000237,"掉落的货物",0,"落ちた積荷",0,0,1,0,0,False,"","ui/icon/021000/021003.tex","任务道具",2,1,"取回遗留的货物",3,"normal/item_start",0
2000238,"娜娜莫南瓜",0,"ナナモパンプキン",0,0,1,0,0,False,"","ui/icon/025000/025210.tex","任务道具",1,1,"预约的礼品",3,"normal/item_start",0
2000239,"可爱的生姜饼干",0,"可愛いジンジャークッキー",0,0,1,0,0,False,"","ui/icon/024000/024051.tex","任务道具",4,1,"成功的两面",3,"normal/item_start",0
2000240,"吕凯洛的密封信",0,"ルクロの封書",0,0,1,0,0,False,"","ui/icon/025000/025918.tex","任务道具",1,1,"不安的预兆",3,"normal/item_start",0
2000241,"矿山铁道时刻表",0,"鉱山鉄道の時刻表",0,0,1,0,0,False,"","ui/icon/026000/026151.tex","任务道具",1,1,"等在调车库的人",3,"normal/item_start",0
2000242,"用来当饲料的基萨尔野菜",0,"飼葉用ギサールの野菜",0,0,1,0,0,False,"","ui/icon/025000/025218.tex","任务道具",3,1,"协助弯枝牧场",3,"normal/item_start",0
2000243,"六识之鲜血",0,"六識の鮮血",0,0,1,0,0,False,"","ui/icon/022000/022601.tex","任务道具",1,1,"功勋卓越之人",3,"normal/item_start",0
2000244,"邪教念珠",0,"邪教の念珠",0,0,1,0,0,False,"","ui/icon/021000/021265.tex","任务道具",99,1,,0,"normal/item_start",0
2000245,"璀璨的戒指",0,"光り輝く指輪",0,0,1,0,0,False,"","ui/icon/054000/054421.tex","任务道具",1,1,"欠债还钱",3,"normal/item_start",0
2000246,"特制蝲蛄丸子",0,"特製ザリガニボール",0,0,1,0,0,False,"","ui/icon/021000/021003.tex","任务道具",1,1,"镜池栈桥运货工",3,"normal/item_start",0
2000247,"姆恩·图伊豆",0,"ムントゥイ豆",0,0,1,0,0,False,"","ui/icon/022000/022628.tex","任务道具",1,1,"镜池栈桥运货工",3,"normal/item_start",0
2000248,"全新的板金铠",0,"真新しい板金鎧",0,0,1,0,0,False,"","ui/icon/048000/048008.tex","任务道具",1,1,"镜池栈桥运货工",3,"normal/item_start",0
2000249,"缪恩的密封信",0,"ミューヌの封書",0,0,1,0,0,False,"","ui/icon/025000/025918.tex","任务道具",1,1,"大树之荫下蠢动的黑暗",3,"normal/item_start",0
2000250,"桐木小箱",0,"",0,0,1,0,0,False,"","ui/icon/021000/021002.tex","任务道具",1,1,"祭典的准备",3,"normal/item_start",0
2000251,"偷猎的皮革",0,"密猟された皮革",0,0,1,0,0,False,"","ui/icon/023000/023001.tex","",99,1,,0,"normal/item_start",0
2000252,"遗失的商品",0,"失われた品",0,0,1,0,0,False,"","ui/icon/021000/021003.tex","",99,1,,0,"normal/item_start",0
2000253,"巨像兵的碎片",0,"石兵の欠片",0,0,1,0,0,False,"","ui/icon/021000/021202.tex","",99,1,,0,"normal/item_start",0
2000254,"土元精核心",0,"アーススプライトの核",0,0,1,0,0,False,"","ui/icon/021000/021202.tex","",99,1,,0,"normal/item_start",0
2000255,"被盗的货物",0,"奪われた荷",0,0,1,0,0,False,"","ui/icon/021000/021003.tex","",99,1,,0,"normal/item_start",0
2000256,"仙人掌的肉质茎",0,"サボテンの果肉",0,0,1,0,0,False,"","ui/icon/023000/023001.tex","",99,1,,0,"normal/item_start",0
2000257,"巨像兵的魂石",0,"石兵のソウルストーン",0,0,1,0,0,False,"","ui/icon/021000/021202.tex","",99,1,,0,"normal/item_start",0
2000258,"海盗的掠夺品",0,"海賊の略奪品",0,0,1,0,0,False,"","ui/icon/023000/023001.tex","",99,1,,0,"normal/item_start",0
2000259,"血书纸片",0,"血文字の紙片",0,0,1,0,0,False,"","ui/icon/026000/026151.tex","任务道具",99,1,,0,"normal/item_start",0
2000260,"小钥匙",0,"小さな鍵",0,0,1,0,0,False,"","ui/icon/025000/025904.tex","任务道具",99,1,,0,"normal/item_start",0
2000261,"白百合钥匙",0,"白百合の鍵",0,0,1,0,0,False,"","ui/icon/025000/025902.tex","任务道具",99,1,,0,"normal/item_start",0
2000262,"红蔷薇钥匙",0,"紅薔薇の鍵",0,0,1,0,0,False,"","ui/icon/025000/025903.tex","任务道具",99,1,,0,"normal/item_start",0
2000263,"寄生树钥匙",0,"宿り木の鍵",0,0,1,0,0,False,"","ui/icon/025000/025903.tex","任务道具",99,1,,0,"normal/item_start",0
2000264,"黄石竹钥匙",0,"黄撫子の鍵",0,0,1,0,0,False,"","ui/icon/025000/025903.tex","任务道具",99,1,,0,"normal/item_start",0
2000265,"调查区的枫木原木",0,"調査地域のメープル原木",0,0,1,0,0,False,"","ui/icon/022000/022408.tex","",99,1,,0,"normal/item_start",0
2000266,"调查区的枫树枝",0,"調査地域のメープルの枝",0,0,1,0,0,False,"","ui/icon/022000/022416.tex","",99,1,,0,"normal/item_start",0
2000267,"树精的果实",0,"トレントのどんぐり",0,0,1,0,0,False,"","ui/icon/025000/025304.tex","",99,1,,0,"normal/item_start",0
2000268,"梣树的幼苗",0,"アッシュの若木",0,0,1,0,0,False,"","ui/icon/022000/022407.tex","",99,1,,0,"normal/item_start",0
2000269,"梣树的嫩枝",0,"アッシュの若枝",0,0,1,0,0,False,"","ui/icon/022000/022416.tex","",99,1,,0,"normal/item_start",0
2000270,"东岸的槲寄生",0,"東岸のミスルトゥ",0,0,1,0,0,False,"","ui/icon/025000/025001.tex","",99,1,,0,"normal/item_start",0
2000271,"篝火用柴",0,"たき火用の薪",0,0,1,0,0,False,"","ui/icon/022000/022407.tex","",99,1,,0,"normal/item_start",0
2000272,"篝火用树皮",0,"たき火用の樹皮",0,0,1,0,0,False,"","ui/icon/022000/022418.tex","",99,1,,0,"normal/item_start",0
2000273,"无杂质的乳胶",0,"不純物のないラテックス",0,0,1,0,0,False,"","ui/icon/022000/022643.tex","",99,1,,0,"normal/item_start",0
2000274,"有杂质的乳胶",0,"不純物まじりのラテックス",0,0,1,0,0,False,"","ui/icon/022000/022643.tex","",99,1,,0,"normal/item_start",0
2000275,"择伐地的梣木原木",0,"択伐地のアッシュ原木",0,0,1,0,0,False,"","ui/icon/022000/022407.tex","",99,1,,0,"normal/item_start",0
2000276,"择伐地的梣树枝",0,"択伐地のアッシュの枝",0,0,1,0,0,False,"","ui/icon/022000/022416.tex","",99,1,,0,"normal/item_start",0
2000277,"优良的梣木原木",0,"良質なアッシュ原木",0,0,1,0,0,False,"","ui/icon/022000/022407.tex","",99,1,,0,"normal/item_start",0
2000278,"天柱树根",0,"天柱樹の根",0,0,1,0,0,False,"","ui/icon/025000/025005.tex","",99,1,,0,"normal/item_start",0
2000279,"天柱树皮",0,"天柱樹の樹皮",0,0,1,0,0,False,"","ui/icon/022000/022418.tex","",99,1,,0,"normal/item_start",0
2000280,"结实的天柱树根",0,"天柱樹の丈夫な根",0,0,1,0,0,False,"","ui/icon/025000/025005.tex","",99,1,,0,"normal/item_start",0
2000281,"大口花的种子",0,"オチューの種子",0,0,1,0,0,False,"","ui/icon/025000/025314.tex","",99,1,,0,"normal/item_start",0
2000282,"小口花的枯叶",0,"コチューの枯葉",0,0,1,0,0,False,"","ui/icon/021000/021662.tex","",99,1,,0,"normal/item_start",0
2000283,"沾有孢子的树皮",0,"胞子が張り付いた樹皮",0,0,1,0,0,False,"","ui/icon/022000/022418.tex","",99,1,,0,"normal/item_start",0
2000284,"被虫蛀过的树皮",0,"虫が巣喰った樹皮",0,0,1,0,0,False,"","ui/icon/022000/022418.tex","",99,1,,0,"normal/item_start",0
2000285,"大个的山栗",0,"大ぶりのチェスナット",0,0,1,0,0,False,"","ui/icon/025000/025302.tex","",99,1,,0,"normal/item_start",0
2000286,"被虫蛀过的山栗",0,"虫食いチェスナット",0,0,1,0,0,False,"","ui/icon/025000/025302.tex","",99,1,,0,"normal/item_start",0
2000287,"黄金山栗",0,"黄金のチェスナット",0,0,1,0,0,False,"","ui/icon/025000/025302.tex","",99,1,,0,"normal/item_start",0
2000288,"西岸的槲寄生",0,"西岸のミスルトゥ",0,0,1,0,0,False,"","ui/icon/025000/025001.tex","",99,1,,0,"normal/item_start",0
2000289,"适合作栅栏的梣木原木",0,"柵に適したアッシュ原木",0,0,1,0,0,False,"","ui/icon/022000/022407.tex","",99,1,,0,"normal/item_start",0
2000290,"过细的梣木原木",0,"細すぎるアッシュ原木",0,0,1,0,0,False,"","ui/icon/022000/022407.tex","",99,1,,0,"normal/item_start",0
2000291,"妖红花的种子",0,"ローズレットの種子",0,0,1,0,0,False,"","ui/icon/025000/025314.tex","",99,1,,0,"normal/item_start",0
2000292,"妖红花的枯叶",0,"ローズレットの枯葉",0,0,1,0,0,False,"","ui/icon/025000/025201.tex","",99,1,,0,"normal/item_start",0
2000293,"出芽的妖红花种子",0,"ローズレットの芽吹いた種子",0,0,1,0,0,False,"","ui/icon/025000/025314.tex","",99,1,,0,"normal/item_start",0
2000294,"扫子草",0,"ハキダメ草",0,0,1,0,0,False,"","ui/icon/025000/025008.tex","",99,1,,0,"normal/item_start",0
2000295,"栀子草",0,"クチナシ草",0,0,1,0,0,False,"","ui/icon/025000/025008.tex","",99,1,,0,"normal/item_start",0
2000296,"特浓枫树树汁",0,"特濃メープル樹液",0,0,1,0,0,False,"","ui/icon/022000/022642.tex","",99,1,,0,"normal/item_start",0
2000297,"有杂质的枫树树汁",0,"不純物まじりのメープル樹液",0,0,1,0,0,False,"","ui/icon/022000/022642.tex","",99,1,,0,"normal/item_start",0
2000298,"刻印树皮",0,"印が刻まれた樹皮",0,0,1,0,0,False,"","ui/icon/022000/022418.tex","",99,1,,0,"normal/item_start",0
2000299,"新绿色的苔藓",0,"新緑色の苔",0,0,1,0,0,False,"","ui/icon/022000/022649.tex","",99,1,,0,"normal/item_start",0
2000300,"大蔷薇的花蜜",0,"大イバラの蜜",0,0,1,0,0,False,"","ui/icon/022000/022642.tex","",99,1,,0,"normal/item_start",0
2000301,"大蔷薇的刺",0,"大イバラのトゲ",0,0,1,0,0,False,"","ui/icon/022000/022304.tex","",99,1,,0,"normal/item_start",0
2000302,"姆恩·图伊豆",0,"乾燥ムントゥイ豆",0,0,1,0,0,False,"","ui/icon/025000/025353.tex","",99,1,,0,"normal/item_start",0
2000303,"提诺尔卡菖蒲",0,"ティノルカアヤメ",0,0,1,0,0,False,"","ui/icon/021000/021651.tex","",99,1,,0,"normal/item_start",0
2000304,"暴露出来的树根",0,"露出した樹木の根",0,0,1,0,0,False,"","ui/icon/025000/025005.tex","",99,1,,0,"normal/item_start",0
2000305,"干枯的树根",0,"干からびた根",0,0,1,0,0,False,"","ui/icon/025000/025005.tex","",99,1,,0,"normal/item_start",0
2000306,"结实的树根",0,"丈夫な樹木の根",0,0,1,0,0,False,"","ui/icon/025000/025005.tex","",99,1,,0,"normal/item_start",0
2000307,"上等的婴猴薄荷",0,"上質のガラゴミント",0,0,1,0,0,False,"","ui/icon/025000/025016.tex","",99,1,,0,"normal/item_start",0
2000308,"被咬过的婴猴薄荷",0,"囓られたガラゴミント",0,0,1,0,0,False,"","ui/icon/025000/025016.tex","",99,1,,0,"normal/item_start",0
2000309,"格尔莫拉时代的古钱",0,"ゲルモラ時代の古銭",0,0,1,0,0,False,"","ui/icon/025000/025916.tex","",99,1,,0,"normal/item_start",0
2000310,"生锈的金属片",0,"錆ついた金属片",0,0,1,0,0,False,"","ui/icon/020000/020817.tex","",99,1,,0,"normal/item_start",0
2000311,"过度生长的树枝",0,"伸びすぎた枝",0,0,1,0,0,False,"","ui/icon/022000/022416.tex","",99,1,,0,"normal/item_start",0
2000312,"枯叶",0,"枯葉",0,0,1,0,0,False,"","ui/icon/025000/025217.tex","",99,1,,0,"normal/item_start",0
2000313,"朱刺果",0,"アカトゲの実",0,0,1,0,0,False,"","ui/icon/025000/025023.tex","",99,1,,0,"normal/item_start",0
2000314,"朱刺叶",0,"アカトゲの葉",0,0,1,0,0,False,"","ui/icon/025000/025213.tex","",99,1,,0,"normal/item_start",0
2000315,"黑衣苹果",0,"ブラックシュラウドアップル",0,0,1,0,0,False,"","ui/icon/025000/025308.tex","",99,1,,0,"normal/item_start",0
2000316,"毛毛虫",0,"毛虫",0,0,1,0,0,False,"","ui/icon/027000/027004.tex","",99,1,,0,"normal/item_start",0
2000317,"神秘的蘑菇",0,"謎めいたキノコ",0,0,1,0,0,False,"","ui/icon/025000/025407.tex","",99,1,,0,"normal/item_start",0
2000318,"沾有孢子的木钉",0,"菌のついた木釘",0,0,1,0,0,False,"","ui/icon/022000/022305.tex","",99,1,,0,"normal/item_start",0
2000319,"用于模拟战的长枪",0,"",0,0,1,0,0,False,"","ui/icon/031000/031816.tex","",99,1,,0,"normal/item_start",0
2000320,"堆肥袋",0,"",0,0,1,0,0,False,"","ui/icon/025000/025356.tex","",99,1,,0,"normal/item_start",0
2000321,"蛛蝎卵",0,"",0,0,1,0,0,False,"","ui/icon/025000/025252.tex","",99,1,,0,"normal/item_start",0
2000322,"白伞茸",0,"",0,0,1,0,0,False,"","ui/icon/025000/025402.tex","",99,1,,0,"normal/item_start",0
2000323,"捕兽夹",0,"",0,0,1,0,0,False,"","ui/icon/027000/027241.tex","",99,1,,0,"normal/item_start",0
2000324,"平息的清水",0,"",0,0,1,0,0,False,"","ui/icon/022000/022606.tex","任务道具",99,1,,1,"normal/item_start",0
2000325,"羚羊腿肉",0,"",0,0,1,0,0,False,"","ui/icon/025000/025153.tex","",99,1,,0,"normal/item_start",0
2000326,"妖异全集«散发腐臭的怪物»之页",0,"",0,0,1,0,0,False,"","ui/icon/026000/026151.tex","",99,1,,0,"normal/item_start",0
2000327,"秘藏的蜂蜜酒",0,"",0,0,1,0,0,False,"","ui/icon/025000/025057.tex","",99,1,,0,"normal/item_start",0
2000328,"妖异全集«邪眼闪光的怪物»之页",0,"",0,0,1,0,0,False,"","ui/icon/026000/026151.tex","",99,1,,0,"normal/item_start",0
2000329,"妖异全集«污浊不净的怪物»之页",0,"",0,0,1,0,0,False,"","ui/icon/026000/026151.tex","",99,1,,0,"normal/item_start",0
2000330,"精金龟的蛋",0,"",0,0,1,0,0,False,"","ui/icon/025000/025252.tex","",99,1,,0,"normal/item_start",0
2000331,"偷猎的兽皮",0,"",0,0,1,0,0,False,"","ui/icon/022000/022015.tex","",99,1,,0,"normal/item_start",0
2000332,"水元精核心",0,"",0,0,1,0,0,False,"","ui/icon/022000/022606.tex","任务道具",99,1,,3,"normal/item_start",0
2000333,"大花粉块",0,"",0,0,1,0,0,False,"","ui/icon/025000/025007.tex","任务道具",99,1,,3,"normal/item_start",0
2000335,"兀鹫胸肉",0,"",0,0,1,0,0,False,"","ui/icon/025000/025158.tex","",99,1,,0,"normal/item_start",0
2000336,"鬼鮟鱇刺身",0,"",0,0,1,0,0,False,"","ui/icon/029000/029002.tex","",99,1,,0,"normal/item_start",0
2000337,"脏兮兮的日记本",0,"",0,0,1,0,0,False,"","ui/icon/026000/026002.tex","任务道具",1,1,,3,"normal/item_start",0
2000338,"送往前桅塔的货物",0,"フォアマスト宛の荷物",0,0,1,0,0,False,"","ui/icon/021000/021005.tex","任务道具",1,1,"一日信使",3,"normal/item_start",0
2000339,"送往德内维尔关的货物",0,"デネベール関門宛の荷物",0,0,1,0,0,False,"","ui/icon/023000/023001.tex","任务道具",1,1,"一日信使",3,"normal/item_start",0
2000340,"水元精核心",0,"ウォータースプライトの核",0,0,1,0,0,False,"","ui/icon/022000/022606.tex","任务道具",3,1,"防腐妙计",3,"normal/item_start",0
2000341,"沟鼠腐肉",0,"ラットの腐肉",0,0,1,0,0,False,"","ui/icon/024000/024353.tex","任务道具",1,1,"饥饿猛禽",3,"normal/item_start",0
2000342,"多实玉米幼苗",0,"ミリオンコーンの苗",0,0,1,0,0,False,"","ui/icon/025000/025004.tex","任务道具",1,1,"土地的希望",3,"normal/item_start",0
2000343,"篝火铁笼",0,"鉄製のかがり",0,0,1,0,0,False,"","ui/icon/021000/021003.tex","任务道具",1,1,"灯塔异状",3,"normal/item_start",0
2000344,"爆弹怪的小指",0,"ボムの小指",0,0,1,0,0,False,"","ui/icon/022000/022623.tex","任务道具",1,1,"灯塔异状",3,"normal/item_start",0
2000345,"装有遗产的小箱",0,"遺産の入った小箱",0,0,1,0,0,False,"","ui/icon/021000/021002.tex","任务道具",1,1,"开拓者的幸运",3,"normal/item_start",0
2000346,"渡渡鸟的种蛋",0,"ドードーの有精卵",0,0,1,0,0,False,"","ui/icon/025000/025251.tex","任务道具",3,1,"开拓者的决心",3,"normal/item_start",0
2000347,"潮湿的黑土",0,"湿り気のある黒土",0,0,1,0,0,False,"","ui/icon/021000/021466.tex","任务道具",3,1,"芳香的陆上勇者",3,"normal/item_start",0
2000348,"被抢走的农具",0,"奪われた農具",0,0,1,0,0,False,"","ui/icon/021000/021002.tex","任务道具",3,1,"海盗往事",3,"normal/item_start",0
2000350,"开垦者的铁铲",0,"開拓者のシャベル",0,0,1,0,0,False,"","ui/icon/021000/021003.tex","任务道具",3,1,"开拓的起步",3,"normal/item_start",0
2000351,"成熟的拉诺西亚香橙",0,"熟したラノシアオレンジ",0,0,1,0,0,False,"","ui/icon/025000/025312.tex","任务道具",3,1,"手中的太阳",3,"normal/item_start",0
2000352,"法法弗诺的货物",0,"ファファフォノの荷物",0,0,1,0,0,False,"","ui/icon/041000/041002.tex","任务道具",1,1,,3,"normal/item_start",0
2000353,"法法弗诺的货物",0,"ファファフォノの荷物",0,0,1,0,0,False,"","ui/icon/044000/044036.tex","任务道具",1,1,,3,"normal/item_start",0
2000354,"给琪琪普的信",0,"キキプ宛の手紙",0,0,1,0,0,False,"","ui/icon/025000/025918.tex","任务道具",1,1,"展翅的祝愿",3,"normal/item_start",0
2000355,"锤喙魔鸟的尾羽",0,"ハンマービークの尾羽根",0,0,1,0,0,False,"","ui/icon/021000/021906.tex","任务道具",5,1,"展翅的祝愿",3,"normal/item_start",0
2000356,"装着橙子的麻袋",0,"オレンジの入った麻袋",0,0,1,0,0,False,"","ui/icon/025000/025919.tex","任务道具",1,1,"倒卖的疑惑",3,"normal/item_start",0
2000357,"装硬币的袋子",0,"硬貨の入った袋",0,0,1,0,0,False,"","ui/icon/025000/025919.tex","任务道具",1,1,"倒卖的疑惑",3,"normal/item_start",0
2000367,"黄蜂的毒针",0,"ホーネットの毒針",0,0,1,0,0,False,"","ui/icon/022000/022305.tex","任务道具",6,1,"点燃斗魂",3,"normal/item_start",0
2000368,"达达内恩的催促书",0,"ダダネンからの督促状",0,0,1,0,0,False,"","ui/icon/025000/025906.tex","任务道具",1,1,"宝石商人的忧郁",3,"normal/item_start",0
2000369,"娜夏孔雀石原石",0,"ナナシャマラカイト原石",0,0,1,0,0,False,"","ui/icon/020000/020004.tex","任务道具",3,1,"夺回娜夏孔雀石！",3,"normal/item_start",0
2000370,"尖锐的锄头",0,"鋭いピック",0,0,1,0,0,False,"","ui/icon/038000/038005.tex","任务道具",1,1,"重要的采掘工具",3,"normal/item_start",0
2000371,"陈旧的小锤",0,"古いハンマー",0,0,1,0,0,False,"","ui/icon/035000/035052.tex","任务道具",1,1,"重要的采掘工具",3,"normal/item_start",0
2000372,"沉重的大锤",0,"重いモール",0,0,1,0,0,False,"","ui/icon/038000/038051.tex","任务道具",1,1,"重要的采掘工具",3,"normal/item_start",0
2000373,"捕兽夹",0,"トラバサミ",0,0,1,0,0,False,"","ui/icon/021000/021003.tex","任务道具",4,1,"弗弗鲁帕的傻瓜陷阱",3,"normal/item_start",0
2000374,"毒蜥蜴的邪眼",0,"ペイストの邪眼",0,0,1,0,0,False,"","ui/icon/021000/021280.tex","任务道具",4,1,"毒蜥蜴的眼瞳",3,"normal/item_start",0
2000376,"土狗之血",0,"モングレルの血",0,0,1,0,0,False,"","ui/icon/020000/020641.tex","任务道具",4,1,"土狗都是好旅伴",3,"normal/item_start",0
2000377,"给利奥弗里克的密封信",0,"レオフリック宛ての封書",0,0,1,0,0,False,"","ui/icon/025000/025918.tex","任务道具",1,1,"贫民区的联队长",3,"normal/item_start",0
2000378,"娜夏孔雀石原石",0,"ナナシャマラカイト原石",0,0,1,0,0,False,"","ui/icon/020000/020004.tex","任务道具",3,1,"切断盗贼的资金来源！",3,"normal/item_start",0
2000379,"蟾蜍的毒液",0,"薬の材料になるトキシックトードから採れる毒液",0,0,1,0,0,False,"","ui/icon/020000/020682.tex","任务道具",2,1,"蛙毒苦口利于病",3,"normal/item_start",0
2000380,"给贝林盖尔的信",0,"ベリンゲル宛の手紙",0,0,1,0,0,False,"","ui/icon/026000/026151.tex","任务道具",1,1,"劳动的哀歌",3,"normal/item_start",0
2000381,"古董匕首",0,"年代物のダガー",0,0,1,0,0,False,"","ui/icon/030000/030362.tex","任务道具",1,1,"世代相传的护身刀",3,"normal/item_start",0
2000382,"秃鹫腿肉",0,"バザードから採れる食肉",0,0,1,0,0,False,"","ui/icon/025000/025154.tex","任务道具",2,1,"盗贼的晚餐菜单",3,"normal/item_start",0
2000383,"薄壳蟹脚",0,"シックシェルから採れる食材",0,0,1,0,0,False,"","ui/icon/029000/029201.tex","任务道具",2,1,"盗贼的晚餐菜单",3,"normal/item_start",0
2000384,"船菊石刺身",0,"スカフィテから採れる新鮮な刺身",0,0,1,0,0,False,"","ui/icon/025000/025156.tex","任务道具",2,1,"盗贼的晚餐菜单",3,"normal/item_start",0
2000385,"栗鼠之血",0,"マーモットの鮮血",0,0,1,0,0,False,"","ui/icon/022000/022601.tex","任务道具",5,1,"科研调查生物图鉴",3,"normal/item_start",0
2000386,"莫莫蒂的介绍信",0,"モモディの紹介状",0,0,1,0,0,False,"","ui/icon/025000/025906.tex","任务道具",1,1,"冒险者入门",3,"normal/item_start",0
2000387,"莫莫蒂的介绍信",0,"モモディの紹介状",0,0,1,0,0,False,"","ui/icon/025000/025906.tex","任务道具",1,1,"冒险者入门",3,"normal/item_start",0
2000388,"莫莫蒂的介绍信",0,"モモディの紹介状",0,0,1,0,0,False,"","ui/icon/025000/025906.tex","任务道具",1,1,"冒险者入门",3,"normal/item_start",0
2000390,"可疑的传单",0,"怪しいビラ",0,0,1,0,0,False,"","ui/icon/025000/025906.tex","任务道具",1,1,"空虚的财富",3,"normal/item_start",0
2000391,"白辉石",0,"白く輝く石",0,0,1,0,0,False,"","ui/icon/021000/021251.tex","任务道具",1,1,"小小的墓石",3,"normal/item_start",0
2000392,"阿尔基克薰衣草",0,"アルジクラベンダー",0,0,1,0,0,False,"","ui/icon/025000/025002.tex","任务道具",3,1,"顽强的商人之魂",3,"normal/item_start",0
2000393,"招募工人的传单",0,"作業員募集のビラ",0,0,1,0,0,False,"","ui/icon/025000/025906.tex","任务道具",5,1,"千金之富始于一点",3,"normal/item_start",0
2000394,"白辉石",0,"白く輝く石",0,0,1,0,0,False,"","ui/icon/021000/021213.tex","任务道具",5,1,"散发光辉的年轻人",3,"normal/item_start",0
2000395,"浑浊的泉水",0,"濁った湧水",0,0,1,0,0,False,"","ui/icon/025000/025055.tex","任务道具",1,1,"精心呵护",3,"normal/item_start",0
2000396,"给欧文的密封信",0,"オワイン宛の封書",0,0,1,0,0,False,"","ui/icon/025000/025918.tex","任务道具",1,1,"落日下的银胄团",3,"normal/item_start",0
2000397,"献给太阳神的供品",0,"日神への供物",0,0,1,0,0,False,"","ui/icon/025000/025919.tex","任务道具",1,1,,3,"normal/item_start",0
2000398,"给欧文的密封信",0,"オワイン宛の封書",0,0,1,0,0,False,"","ui/icon/025000/025918.tex","任务道具",1,1,"至宝的暗影",3,"normal/item_start",0
2000399,"凄惨的遗体",0,"無残な遺体",0,0,1,0,0,False,"","ui/icon/026000/026024.tex","任务道具",3,1,"背后的同谋",3,"normal/item_start",0
2000400,"妮美雅百合花束",0,"ニメーヤリリーの花束",0,0,1,0,0,False,"","ui/icon/022000/022627.tex","任务道具",5,1,"穷人的花",3,"normal/item_start",0
2000401,"蝎纹戒指",0,"",0,0,1,0,0,False,"","ui/icon/054000/054434.tex","任务道具",1,1,,3,"normal/item_start",0
2000402,"特制恢复药",0,"",0,0,1,0,0,False,"","ui/icon/020000/020601.tex","任务道具",1,1,"蠢动的黑暗",3,"normal/item_start",0
2000403,"蝎纹戒指",0,"",0,0,1,0,0,False,"","ui/icon/054000/054434.tex","任务道具",1,1,"蠢动的黑暗",3,"normal/item_start",0
2000404,"毒药交易账单",0,"",0,0,1,0,0,False,"","ui/icon/025000/025918.tex","任务道具",1,1,"纳尔札尔双剑",3,"normal/item_start",0
2000405,"紫檀木箱",0,"紫檀の木箱",0,0,1,0,0,False,"","ui/icon/021000/021002.tex","任务道具",1,1,"筹备晚餐会",3,"normal/item_start",0
2000406,"陈旧的供品",0,"古びた供物",0,0,1,0,0,False,"","ui/icon/021000/021003.tex","任务道具",6,1,"古旧的供品",3,"normal/item_start",0
2000407,"蜂毒酒",0,"蜂漬けの毒酒",0,0,1,0,0,False,"","ui/icon/020000/020662.tex","任务道具",3,1,"精心呵护",3,"normal/item_start",0
2000408,"毒蟾蜍腿肉",0,"トキシックトードのモモ肉",0,0,1,0,0,False,"","ui/icon/025000/025155.tex","任务道具",5,1,"斗魂不再",3,"normal/item_start",0
2000409,"木人",0,"木人",0,0,1,0,0,False,"","ui/icon/027000/027281.tex","任务道具",4,1,"烈火光明星，驰骋奔流星",3,"normal/item_start",0
2000410,"送往地平关的小包",0,"ホライズン宛の小包",0,0,1,0,0,False,"","ui/icon/021000/021003.tex","任务道具",1,1,"出错的货物",3,"normal/item_start",0
2000411,"拉尔戈的胆汁",0,"",0,0,1,0,0,False,"","ui/icon/020000/020662.tex","任务道具",1,1,"纳尔札尔双剑",3,"normal/item_start",0
2000412,"招募工人的传单",0,"作業員募集のビラ",0,0,1,0,0,False,"","ui/icon/025000/025906.tex","任务道具",5,1,"千金之富始于一点",3,"normal/item_start",0
2000413,"扣押令",0,"差し押さえ証",0,0,1,0,0,False,"","ui/icon/025000/025906.tex","任务道具",4,1,"银光闪耀的故乡",3,"normal/item_start",0
2000414,"鱼干",0,"干からびた魚",0,0,1,0,0,False,"","ui/icon/025000/025919.tex","任务道具",1,1,"迫近之危",3,"normal/item_start",0
2000415,"兀鹫胸肉",0,"ヴァルチャーの胸肉",0,0,1,0,0,False,"","ui/icon/025000/025151.tex","任务道具",1,1,"迫近之危",3,"normal/item_start",0
2000416,"以太药运输箱",0,"エーテル輸送箱",0,0,1,0,0,False,"","ui/icon/021000/021003.tex","任务道具",1,1,"凋零之危",3,"normal/item_start",0
2000417,"蜥蜴人的鲜血",0,"アマルジャの鮮血",0,0,1,0,0,False,"","ui/icon/022000/022601.tex","任务道具",2,1,"凋零之危",3,"normal/item_start",0
2000418,"以太药运输箱",0,"エーテル輸送箱",0,0,1,0,0,False,"","ui/icon/021000/021003.tex","任务道具",1,1,"凋零之危",3,"normal/item_start",0
2000419,"蜥蜴人的鲜血",0,"アマルジャの鮮血",0,0,1,0,0,False,"","ui/icon/022000/022601.tex","任务道具",2,1,"凋零之危",3,"normal/item_start",0
2000420,"沾有血迹的咒杖",0,"血濡れのセプター",0,0,1,0,0,False,"","ui/icon/032000/032806.tex","任务道具",1,1,"围困之危",3,"normal/item_start",0
2000421,"被撕裂的古书",0,"引き裂かれた古書",0,0,1,0,0,False,"","ui/icon/026000/026002.tex","任务道具",1,1,"围困之危",3,"normal/item_start",0
2000422,"茉门论文集",0,"モルモーの論文集",0,0,1,0,0,False,"","ui/icon/026000/026002.tex","任务道具",3,1,"射向深渊的光",3,"normal/item_start",0
2000423,"古旧金币",0,"古びたギル硬貨",0,0,1,0,0,False,"","ui/icon/025000/025917.tex","任务道具",5,1,"坚若磐石",3,"normal/item_start",0
2000425,"茉门论文集",0,"モルモーの論文集",0,0,1,0,0,False,"","ui/icon/026000/026002.tex","任务道具",3,1,"射向深渊的光",3,"normal/item_start",0
2000426,"可可布希的情报书",0,"ココブシの情報書",0,0,1,0,0,False,"","ui/icon/025000/025906.tex","任务道具",3,1,"胆小之人的勇气",3,"normal/item_start",0
2000427,"河蟾蜍肝",0,"リバートードの肝",0,0,1,0,0,False,"","ui/icon/022000/022603.tex","任务道具",3,1,"试验新的耕种法",3,"normal/item_start",0
2000428,"装羊毛的麻袋",0,"羊毛入りの麻袋",0,0,1,0,0,False,"","ui/icon/022000/022610.tex","任务道具",1,1,"轻飘飘的呢绒",3,"normal/item_start",0
2000429,"小麦粉袋",0,"小麦粉袋",0,0,1,0,0,False,"","ui/icon/025000/025351.tex","任务道具",4,1,"麦粉小偷",3,"normal/item_start",0
2000430,"装着衣服的包裹",0,"衣服の入った包み",0,0,1,0,0,False,"","ui/icon/021000/021003.tex","任务道具",3,1,"地灵族的孽缘",3,"normal/item_start",0
2000431,"装着衣服的包裹",0,"衣服の入った包み",0,0,1,0,0,False,"","ui/icon/021000/021005.tex","任务道具",1,1,,3,"normal/item_start",0
2000432,"装着衣服的包裹",0,"衣服の入った包み",0,0,1,0,0,False,"","ui/icon/023000/023001.tex","任务道具",1,1,,3,"normal/item_start",0
2000433,"沾有血迹的手镯",0,"血濡れの腕輪",0,0,1,0,0,False,"","ui/icon/055000/055601.tex","任务道具",1,1,"围困之危",3,"normal/item_start",0
2000434,"装有肉的木箱",0,"肉入りの木箱",0,0,1,0,0,False,"","ui/icon/021000/021003.tex","任务道具",1,1,"雪松原纷争",3,"normal/item_start",0
2000435,"大麻袋",0,"大きな麻袋",0,0,1,0,0,False,"","ui/icon/021000/021610.tex","任务道具",3,1,"渡渡鸟快跑",3,"normal/item_start",0
2000436,"装有渡渡鸟的麻袋",0,"ドードー入りの麻袋",0,0,1,0,0,False,"","ui/icon/025000/025919.tex","任务道具",3,1,"渡渡鸟快跑",3,"normal/item_start",0
2000437,"除虱刷",0,"シラミ取りブラシ",0,0,1,0,0,False,"","ui/icon/025000/025919.tex","任务道具",3,1,"羊毛除虫",3,"normal/item_start",0
2000438,"半透明的粘液",0,"半透明の粘液",0,0,1,0,0,False,"","ui/icon/025000/025105.tex","任务道具",1,1,"本草学者的挑战",3,"normal/item_start",0
2000439,"苔绿色的体液",0,"苔色の体液",0,0,1,0,0,False,"","ui/icon/025000/025054.tex","任务道具",3,1,"本草学者的挑战",3,"normal/item_start",0
2000440,"高纯度土之水晶",0,"高純度アースクリスタル",0,0,1,0,0,False,"","ui/icon/020000/020012.tex","任务道具",3,1,"朦胧的坑道",3,"normal/item_start",0
2000441,"小钥匙",0,"小さな鍵",0,0,1,0,0,False,"","ui/icon/025000/025904.tex","任务道具",99,1,,0,"normal/item_start",0
2000442,"6星司火药",0,"6オンズ爆薬",0,0,1,0,0,False,"","ui/icon/021000/021001.tex","任务道具",99,1,,0,"normal/item_start",0
2000444,"路灯用的灯油",0,"街灯用の油",0,0,1,0,0,False,"","ui/icon/025000/025055.tex","任务道具",7,1,"灯火通明的街道",3,"normal/item_start",0
2000445,"给梅尔维布提督的亲笔信",0,"メルウィブ提督宛の親書",0,0,1,0,0,False,"","ui/icon/025000/025918.tex","任务道具",1,1,"海之都与森之都",3,"normal/item_start",0
2000446,"给嘉恩·艾幻术皇的亲笔信",0,"幻術皇カヌ・エ宛の親書",0,0,1,0,0,False,"","ui/icon/025000/025918.tex","任务道具",1,1,"海之都与森之都",3,"normal/item_start",0
2000447,"奇怪的香草",0,"怪しい香草",0,0,1,0,0,False,"","ui/icon/025000/025002.tex","任务道具",6,1,"成名的诀窍",0,"normal/item_start",0
2000448,"斯维特尼克斯的信函",0,"スウィートニクスのおてがみ",0,0,1,0,0,False,"","ui/icon/025000/025918.tex","任务道具",1,1,"正当手续",0,"normal/item_start",0
2000449,"滞纳关税名单",0,"関税滞納者の一覧",0,0,1,0,0,False,"","ui/icon/025000/025906.tex","任务道具",2,1,"关税包围网",0,"normal/item_start",0
2000450,"新鲜的牡羊肉",0,"新鮮なラム肉",0,0,1,0,0,False,"","ui/icon/025000/025153.tex","任务道具",4,1,"高级餐厅的根本",0,"normal/item_start",0
2000451,"七贤堂小包",0,"セブンスセージの小袋",0,0,1,0,0,False,"","ui/icon/025000/025919.tex","任务道具",2,1,"“行商”的执照",0,"normal/item_start",0
2000452,"七贤堂小包",0,"セブンスセージの小袋",0,0,1,0,0,False,"","ui/icon/025000/025919.tex","任务道具",1,1,,0,"normal/item_start",0
2000453,"失踪者名单",0,"行方不明者の一覧",0,0,1,0,0,False,"","ui/icon/025000/025906.tex","任务道具",1,1,"暗记失踪的人",0,"normal/item_start",0
2000454,"水母肉块",0,"浮クラゲの切り身",0,0,1,0,0,False,"","ui/icon/025000/025156.tex","任务道具",4,1,"昔日的菜单",0,"normal/item_start",0
2000455,"犯人的画像",0,"食い逃げ犯の人相書き",0,0,1,0,0,False,"","ui/icon/025000/025906.tex","任务道具",1,1,"肖像画的作用？",0,"normal/item_start",0
2000456,"给梅尔维布提督的亲笔信",0,"メルウィブ提督宛の親書",0,0,1,0,0,False,"","ui/icon/025000/025918.tex","任务道具",1,1,"海之都与沙之都",3,"normal/item_start",0
2000457,"给劳班局长的亲笔信",0,"ラウバーン局長宛の親書",0,0,1,0,0,False,"","ui/icon/025000/025918.tex","任务道具",1,1,"海之都与沙之都",3,"normal/item_start",0
2000458,"给嘉恩·艾幻术皇的亲笔信",0,"幻術皇カヌ・エ宛の親書",0,0,1,0,0,False,"","ui/icon/025000/025918.tex","任务道具",1,1,"森之都与沙之都",3,"normal/item_start",0
2000459,"给劳班局长的亲笔信",0,"ラウバーン局長宛の親書",0,0,1,0,0,False,"","ui/icon/025000/025918.tex","任务道具",1,1,"森之都与沙之都",3,"normal/item_start",0
2000460,"市场价格调查报告",0,"市場価格調査書",0,0,1,0,0,False,"","ui/icon/025000/025906.tex","任务道具",1,1,"海风吹拂的国际商贩路",0,"normal/item_start",0
2000461,"敏菲利亚的短剑",0,"ミンフィリアの短剣",0,0,1,0,0,False,"","ui/icon/030000/030412.tex","任务道具",1,1,"生命、魔晶石，万物的答案",3,"normal/item_start",0
2000462,"镶有魔晶石的短剑",0,"マテリア付の短剣",0,0,1,0,0,False,"","ui/icon/030000/030412.tex","任务道具",1,1,"生命、魔晶石，万物的答案",3,"normal/item_start",0
2000463,"黄昏卷饼",0,"上等なプレッツェル",0,0,1,0,0,False,"","ui/icon/024000/024001.tex","任务道具",3,1,"美味的慰劳品",3,"normal/item_start",0
2000464,"西米棕榈树干",0,"サゴパームの幹",0,0,1,0,0,False,"","ui/icon/025000/025303.tex","任务道具",99,1,,0,"normal/item_start",0
2000465,"西米棕榈树种",0,"サゴパームの種",0,0,1,0,0,False,"","ui/icon/025000/025017.tex","任务道具",99,1,,0,"normal/item_start",0
2000466,"枯叶",0,"しなびた葉",0,0,1,0,0,False,"","ui/icon/025000/025201.tex","任务道具",99,1,,0,"normal/item_start",0
2000467,"旅神葵的花萼",0,"オシュオンローゼルのガク",0,0,1,0,0,False,"","ui/icon/025000/025202.tex","任务道具",99,1,,0,"normal/item_start",0
2000468,"椰子果实",0,"椰子の実",0,0,1,0,0,False,"","ui/icon/025000/025315.tex","任务道具",99,1,,0,"normal/item_start",0
2000469,"肮脏的砖块",0,"薄汚れたレンガ",0,0,1,0,0,False,"","ui/icon/022000/022609.tex","任务道具",99,1,,0,"normal/item_start",0
2000470,"坚硬的砖块",0,"硬いレンガ",0,0,1,0,0,False,"","ui/icon/021000/021251.tex","任务道具",99,1,,0,"normal/item_start",0
2000471,"风化的岩盘碎片",0,"風化した岩盤の欠片",0,0,1,0,0,False,"","ui/icon/021000/021206.tex","任务道具",99,1,,0,"normal/item_start",0
2000472,"坚硬的岩盘碎片",0,"硬い岩盤の欠片",0,0,1,0,0,False,"","ui/icon/021000/021205.tex","任务道具",99,1,,0,"normal/item_start",0
2000473,"优质黄铜矿",0,"良質の黄銅鉱",0,0,1,0,0,False,"","ui/icon/021000/021207.tex","任务道具",99,1,,0,"normal/item_start",0
2000474,"低纯度铜矿",0,"低純度の銅鉱",0,0,1,0,0,False,"","ui/icon/021000/021209.tex","任务道具",99,1,,0,"normal/item_start",0
2000475,"肮脏的砖块",0,"薄汚れたレンガ",0,0,1,0,0,False,"","ui/icon/022000/022609.tex","任务道具",99,1,,0,"normal/item_start",0
2000476,"坚硬的砖块",0,"硬いレンガ",0,0,1,0,0,False,"","ui/icon/021000/021251.tex","任务道具",99,1,,0,"normal/item_start",0
2000477,"岩石样本",0,"サンプル用の岩石",0,0,1,0,0,False,"","ui/icon/021000/021455.tex","任务道具",99,1,,0,"normal/item_start",0
2000478,"矿石样本",0,"サンプル用の鉱石",0,0,1,0,0,False,"","ui/icon/021000/021203.tex","任务道具",99,1,,0,"normal/item_start",0
2000479,"褐色的石块",0,"茶色の石塊",0,0,1,0,0,False,"","ui/icon/021000/021206.tex","任务道具",99,1,,0,"normal/item_start",0
2000480,"优质锌矿",0,"良質の亜鉛鉱",0,0,1,0,0,False,"","ui/icon/021000/021210.tex","任务道具",99,1,,0,"normal/item_start",0
2000481,"肮脏的石材",0,"薄汚れた石材",0,0,1,0,0,False,"","ui/icon/021000/021454.tex","任务道具",99,1,,0,"normal/item_start",0
2000482,"漂亮的石材",0,"綺麗な石材",0,0,1,0,0,False,"","ui/icon/022000/022615.tex","任务道具",99,1,,0,"normal/item_start",0
2000483,"岩石样本",0,"サンプル用の岩石",0,0,1,0,0,False,"","ui/icon/021000/021454.tex","任务道具",99,1,,0,"normal/item_start",0
2000484,"矿石样本",0,"サンプル用の鉱石",0,0,1,0,0,False,"","ui/icon/021000/021202.tex","任务道具",99,1,,0,"normal/item_start",0
2000485,"毒蜥蜴的蜕皮",0,"ペイストの薄皮",0,0,1,0,0,False,"","ui/icon/021000/021822.tex","任务道具",99,1,,0,"normal/item_start",0
2000486,"风化的岩盘碎片",0,"風化した岩盤の欠片",0,0,1,0,0,False,"","ui/icon/021000/021206.tex","任务道具",99,1,,0,"normal/item_start",0
2000487,"坚硬的岩盘碎片",0,"硬い岩盤の欠片",0,0,1,0,0,False,"","ui/icon/021000/021205.tex","任务道具",99,1,,0,"normal/item_start",0
2000488,"岩石样本",0,"サンプル用の岩石",0,0,1,0,0,False,"","ui/icon/021000/021455.tex","任务道具",99,1,,0,"normal/item_start",0
2000489,"矿石样本",0,"サンプル用の鉱石",0,0,1,0,0,False,"","ui/icon/021000/021211.tex","任务道具",99,1,,0,"normal/item_start",0
2000490,"土之力岩石",0,"アースパワーストーン",0,0,1,0,0,False,"","ui/icon/021000/021456.tex","任务道具",99,1,,0,"normal/item_start",0
2000491,"墓石用石材",0,"墓石用の石材",0,0,1,0,0,False,"","ui/icon/021000/021251.tex","任务道具",99,1,,0,"normal/item_start",0
2000492,"红褐色岩石",0,"赤茶けた岩石",0,0,1,0,0,False,"","ui/icon/021000/021467.tex","任务道具",99,1,,0,"normal/item_start",0
2000493,"蕴含魔力的岩石",0,"魔力を帯びた岩石",0,0,1,0,0,False,"","ui/icon/021000/021469.tex","任务道具",99,1,,0,"normal/item_start",0
2000494,"钝色的砂砾",0,"輝きのない砂利",0,0,1,0,0,False,"","ui/icon/022000/022629.tex","任务道具",99,1,,0,"normal/item_start",0
2000495,"闪光的砂砾",0,"わずかに輝く砂利",0,0,1,0,0,False,"","ui/icon/022000/022629.tex","任务道具",99,1,,0,"normal/item_start",0
2000496,"苔藓覆盖的石材",0,"苔むした石材",0,0,1,0,0,False,"","ui/icon/021000/021252.tex","任务道具",99,1,,0,"normal/item_start",0
2000497,"优质的粉砂岩",0,"良質のシルト岩",0,0,1,0,0,False,"","ui/icon/021000/021453.tex","任务道具",99,1,,0,"normal/item_start",0
2000498,"石壁用石材",0,"石壁用の石材",0,0,1,0,0,False,"","ui/icon/021000/021251.tex","任务道具",99,1,,0,"normal/item_start",0
2000499,"积土的岩石",0,"土まみれの石",0,0,1,0,0,False,"","ui/icon/021000/021206.tex","任务道具",99,1,,0,"normal/item_start",0
2000500,"刻字的岩石",0,"文字が刻まれた石",0,0,1,0,0,False,"","ui/icon/021000/021307.tex","任务道具",99,1,,0,"normal/item_start",0
2000501,"酿造库用的燧石",0,"醸造庫用の火打石",0,0,1,0,0,False,"","ui/icon/021000/021451.tex","任务道具",99,1,,0,"normal/item_start",0
2000502,"石壁的碎片",0,"石壁の欠片",0,0,1,0,0,False,"","ui/icon/021000/021251.tex","任务道具",99,1,,0,"normal/item_start",0
2000503,"镇守灯笼用的石材",0,"守灯籠用の石材",0,0,1,0,0,False,"","ui/icon/021000/021251.tex","任务道具",99,1,,0,"normal/item_start",0
2000504,"褐色的小碎片",0,"茶色に輝く小石",0,0,1,0,0,False,"","ui/icon/021000/021458.tex","任务道具",99,1,,0,"normal/item_start",0
2000505,"绿色的小碎片",0,"緑色に輝く小石",0,0,1,0,0,False,"","ui/icon/021000/021459.tex","任务道具",99,1,,0,"normal/item_start",0
2000506,"优质的铁矿",0,"良質の鉄鉱",0,0,1,0,0,False,"","ui/icon/021000/021202.tex","任务道具",99,1,,0,"normal/item_start",0
2000507,"古代的贝壳",0,"古代の貝殻",0,0,1,0,0,False,"","ui/icon/022000/022253.tex","任务道具",99,1,,0,"normal/item_start",0
2000508,"莫拉比牡蛎",0,"モラビーオイスター",0,0,1,0,0,False,"","ui/icon/029000/029015.tex","任务道具",99,1,,0,"normal/item_start",0
2000509,"罗罗特恩的名片",0,"宝石商ロロトンの名刺",0,0,1,0,0,False,"","ui/icon/025000/025918.tex","任务道具",1,1,"孔雀石的希望之光",3,"normal/item_start",0
2000510,"洞山羊里脊",0,"ミオトラグスのサーロイン",0,0,1,0,0,False,"","ui/icon/025000/025152.tex","任务道具",5,1,"最后的晚餐",3,"normal/item_start",0
2000511,"土针鼹肉",0,"ツコツコの肉",0,0,1,0,0,False,"","ui/icon/025000/025155.tex","任务道具",5,1,"黄金集市的活力",3,"normal/item_start",0
2000512,"船长室的钥匙",0,"船長室の鍵",0,0,1,0,0,False,"","ui/icon/025000/025902.tex","任务道具",1,1,,0,"normal/item_start",0
2000513,"海人门的钥匙",0,"海人門の鍵",0,0,1,0,0,False,"","ui/icon/025000/025903.tex","任务道具",1,1,,0,"normal/item_start",0
2000514,"处罚室的钥匙",0,"懲罰房の鍵",0,0,1,0,0,False,"","ui/icon/025000/025904.tex","任务道具",1,1,,0,"normal/item_start",0
2000515,"伊桑巴德的介绍信",0,"イセムバードの紹介状",0,0,1,0,0,False,"","ui/icon/025000/025918.tex","任务道具",1,1,"穷人的想法",3,"normal/item_start",0
2000516,"火元精核心",0,"ファイアスプライトの核",0,0,1,0,0,False,"","ui/icon/021000/021261.tex","任务道具",99,1,,3,"normal/item_start",0
2000517,"准备下葬的遗体",0,"埋葬を待つ遺体",0,0,1,0,0,False,"","ui/icon/026000/026024.tex","任务道具",1,1,"救济之光",3,"normal/item_start",0
2000518,"可疑的传单",0,"怪しいビラ",0,0,1,0,0,False,"","ui/icon/025000/025906.tex","任务道具",1,1,,3,"normal/item_start",0
2000519,"巴德龙的草书",0,"バデロンの走り書き",0,0,1,0,0,False,"","ui/icon/026000/026153.tex","任务道具",1,1,"雨燕塔殖民地的黑暗",3,"normal/item_start",0
2000520,"奇怪的书简",0,"怪しい書簡",0,0,1,0,0,False,"","ui/icon/026000/026151.tex","任务道具",1,1,"蓝色的刺青",3,"normal/item_start",0
2000521,"避难地正门的钥匙",0,"避難地の主門の鍵",0,0,1,0,0,False,"","ui/icon/025000/025904.tex","任务道具",1,1,,0,"normal/item_start",0
2000522,"用旧的匕首",0,"使いこまれたナイフ",0,0,1,0,0,False,"","ui/icon/030000/030401.tex","任务道具",1,1,"海词石窟的潜伏者",3,"normal/item_start",0
2000523,"盖有呢绒的箱子",0,"羅紗張りの箱",0,0,1,0,0,False,"","ui/icon/021000/021002.tex","任务道具",1,1,"绅士淑女的嗜好",3,"normal/item_start",0
2000524,"运输商品",0,"狙われた商品",0,0,1,0,0,False,"","ui/icon/025000/025919.tex","任务道具",2,1,"粉碎战斧的剑风",3,"normal/item_start",0
2000525,"西盖尔德的水袋",0,"シガードの水袋",0,0,1,0,0,False,"","ui/icon/024000/024454.tex","任务道具",1,1,"移动山脉库加塔",3,"normal/item_start",0
2000526,"西盖尔德的皮包",0,"シガードの革鞄",0,0,1,0,0,False,"","ui/icon/023000/023001.tex","任务道具",1,1,"移动山脉库加塔",3,"normal/item_start",0
2000530,"色彩鲜艳的羽毛",0,"色鮮やかな羽",0,0,1,0,0,False,"","ui/icon/021000/021907.tex","",99,1,,3,"normal/item_start",0
2000531,"黄铁矿碎片",0,"黄鉄鉱の欠片",0,0,1,0,0,False,"","ui/icon/021000/021207.tex","",99,1,,3,"normal/item_start",0
2000532,"柔软的毒蜥蜴粗皮",0,"柔らかなペイストの粗皮",0,0,1,0,0,False,"","ui/icon/021000/021822.tex","",99,1,,3,"normal/item_start",0
2000533,"海月水母的鳔袋",0,"オーレリアのバラスト袋",0,0,1,0,0,False,"","ui/icon/029000/029005.tex","",99,1,,3,"normal/item_start",0
2000534,"风元精核心",0,"ウィンドスプライトの核",0,0,1,0,0,False,"","ui/icon/021000/021262.tex","",99,1,,3,"normal/item_start",0
2000535,"雷元精核心",0,"ライトニングスプライトの核",0,0,1,0,0,False,"","ui/icon/021000/021265.tex","",99,1,,3,"normal/item_start",0
2000536,"掉落的货物",0,"落ちた積荷",0,0,1,0,0,False,"","ui/icon/021000/021003.tex","",99,1,,3,"normal/item_start",0
2000537,"骗来的贵金属",0,"隠された貴金属",0,0,1,0,0,False,"","ui/icon/021000/021002.tex","",99,1,,3,"normal/item_start",0
2000538,"渡渡鸟腐肉",0,"ドードーの腐肉",0,0,1,0,0,False,"","ui/icon/025000/025158.tex","",99,1,,3,"normal/item_start",0
2000539,"古代的土器",0,"古代の土器",0,0,1,0,0,False,"","ui/icon/025000/025055.tex","",99,1,,3,"normal/item_start",0
2000540,"偏属性水晶",0,"偏属性クリスタル",0,0,1,0,0,False,"","ui/icon/020000/020664.tex","",99,1,,3,"normal/item_start",0
2000541,"新鲜的低地葡萄",0,"新鮮なローランドグレープ",0,0,1,0,0,False,"","ui/icon/025000/025309.tex","",99,1,,3,"normal/item_start",0
2000542,"妖花的种子",0,"妖花の種",0,0,1,0,0,False,"","ui/icon/025000/025919.tex","",99,1,,3,"normal/item_start",0
2000543,"渡渡鸟的种蛋",0,"ドードーの有精卵",0,0,1,0,0,False,"","ui/icon/025000/025251.tex","",99,1,,3,"normal/item_start",0
2000544,"试饮用的麦酒",0,"試飲用のエール",0,0,1,0,0,False,"","ui/icon/025000/025057.tex","",99,1,,3,"normal/item_start",0
2000545,"漂流的酒瓶",0,"漂着したワイン",0,0,1,0,0,False,"","ui/icon/025000/025057.tex","",99,1,,3,"normal/item_start",0
2000546,"特制镇定药",0,"特製の沈静薬",0,0,1,0,0,False,"","ui/icon/020000/020625.tex","任务道具",99,1,,1,"normal/item_start",0
2000547,"爆弹怪的中指",0,"ボムの中指",0,0,1,0,0,False,"","ui/icon/030000/030351.tex","任务道具",99,1,,3,"normal/item_start",0
2000548,"初萤",0,"初蛍",0,0,1,0,0,False,"","ui/icon/025000/025919.tex","任务道具",99,1,,3,"normal/item_start",0
2000549,"火元精核心",0,"ファイアスプライトの核",0,0,1,0,0,False,"","ui/icon/021000/021261.tex","任务道具",99,1,,3,"normal/item_start",0
2000550,"妖红花的花粉块",0,"ローズリングの花粉塊",0,0,1,0,0,False,"","ui/icon/025000/025919.tex","任务道具",99,1,,3,"normal/item_start",0
2000551,"鬼火种",0,"鬼火の種",0,0,1,0,0,False,"","ui/icon/025000/025911.tex","任务道具",99,1,,3,"normal/item_start",0
2000552,"妖异全集«滴落腐液的怪物»之页",0,"妖異全集「腐汁滴らせし者」の頁",0,0,1,0,0,False,"","ui/icon/026000/026151.tex","",99,1,,3,"normal/item_start",0
2000553,"妖异全集«暗夜潜行的怪物»之页",0,"妖異全集「闇夜を歩きし者」の頁",0,0,1,0,0,False,"","ui/icon/026000/026151.tex","",99,1,,3,"normal/item_start",0
2000554,"妖异全集«烈焰旺盛的怪物»之页",0,"妖異全集「燃えさかりし者」の頁",0,0,1,0,0,False,"","ui/icon/026000/026151.tex","",99,1,,3,"normal/item_start",0
2000555,"妖异全集«烈焰高涨的怪物»之页",0,"妖異全集「燃えあがりし者」の頁",0,0,1,0,0,False,"","ui/icon/026000/026151.tex","",99,1,,3,"normal/item_start",0
2000556,"蔓德拉的双叶",0,"マンドラゴラの双葉",0,0,1,0,0,False,"","ui/icon/025000/025009.tex","任务道具",99,1,,3,"normal/item_start",0
2000557,"鹈鹕肉",0,"ペリカンの肉",0,0,1,0,0,False,"","ui/icon/025000/025155.tex","任务道具",99,1,,3,"normal/item_start",0
2000558,"流光水晶",0,"発光性クリスタル",0,0,1,0,0,False,"","ui/icon/020000/020664.tex","任务道具",99,1,,3,"normal/item_start",0
2000559,"魔导通信机",0,"商談用の魔導通信機",0,0,1,0,0,False,"","ui/icon/021000/021002.tex","任务道具",99,1,,3,"normal/item_start",0
2000560,"雷元精核心",0,"ライトニングスプライトの核",0,0,1,0,0,False,"","ui/icon/021000/021265.tex","任务道具",99,1,,3,"normal/item_start",0
2000561,"虹蝶贝",0,"虹蝶貝",0,0,1,0,0,False,"","ui/icon/022000/022254.tex","",99,1,,0,"normal/item_start",0
2000562,"关于地灵族的记录",0,"コボルド族に関する覚書き",0,0,1,0,0,False,"","ui/icon/025000/025918.tex","任务道具",1,1,"小心地灵族！",3,"normal/item_start",0
2000565,"魔力圣火像",0,"聖火の彫像",0,0,1,0,0,False,"","ui/icon/026000/026018.tex","任务道具",1,1,,0,"normal/item_start",0
2000566,"智慧果实像",0,"葡萄の彫像",0,0,1,0,0,False,"","ui/icon/026000/026016.tex","任务道具",1,1,,0,"normal/item_start",0
2000567,"财富金刚像",0,"金剛の彫像",0,0,1,0,0,False,"","ui/icon/026000/026017.tex","任务道具",1,1,,0,"normal/item_start",0
2000568,"武力头盔像",0,"大兜の彫像",0,0,1,0,0,False,"","ui/icon/026000/026019.tex","任务道具",1,1,,0,"normal/item_start",0
2000569,"特制香烩时蔬",0,"",0,0,1,0,0,False,"","ui/icon/024000/024108.tex","任务道具",1,1,"菜肴中的回忆",3,"normal/item_start",0
2000570,"盖娃的项环",0,"",0,0,1,0,0,False,"","ui/icon/054000/054840.tex","任务道具",1,1,,3,"normal/item_start",0
2000571,"琥珀色药液",0,"飴色の薬液",0,0,1,0,0,False,"","ui/icon/020000/020644.tex","任务道具",1,1,"诱人的特产",3,"normal/item_start",0
2000572,"狩猎工具箱",0,"狩猟用道具箱",0,0,1,0,0,False,"","ui/icon/021000/021003.tex","任务道具",3,1,"女儿家的奉献",3,"normal/item_start",0
2000573,"乳根",0,"ミルクルート",0,0,1,0,0,False,"","ui/icon/021000/021005.tex","任务道具",1,1,"初次接触",3,"normal/item_start",0
2000574,"给族长的亲笔信",0,"長老宛の親書",0,0,1,0,0,False,"","ui/icon/025000/025918.tex","任务道具",1,1,"初次接触",3,"normal/item_start",0
2000575,"小手杖",0,"小さな杖",0,0,1,0,0,False,"","ui/icon/032000/032403.tex","任务道具",1,1,"屋顶上的小黑影",3,"normal/item_start",0
2000576,"新绿嫩叶",0,"新緑の若葉",0,0,1,0,0,False,"","ui/icon/025000/025016.tex","任务道具",3,1,"屋顶上的小黑影",3,"normal/item_start",0
2000577,"红菇",0,"トレントのどんぐり",0,0,1,0,0,False,"","ui/icon/025000/025406.tex","任务道具",5,1,"林中挚友",3,"normal/item_start",0
2000578,"补给品清单",0,"補給品目録",0,0,1,0,0,False,"","ui/icon/026000/026151.tex","任务道具",1,1,"陌生人",3,"normal/item_start",0
2000579,"绢丝",0,"絹糸",0,0,1,0,0,False,"","ui/icon/021000/021657.tex","任务道具",3,1,"丝线之路",3,"normal/item_start",0
2000580,"空木桶",0,"空の木桶",0,0,1,0,0,False,"","ui/icon/022000/022637.tex","任务道具",1,1,"巴斯卡隆的规矩",3,"normal/item_start",0
2000581,"装有冷水的木桶",0,"冷水入りの木桶",0,0,1,0,0,False,"","ui/icon/022000/022642.tex","任务道具",1,1,"巴斯卡隆的规矩",3,"normal/item_start",0
2000582,"羚羊的内脏",0,"アンテロープの臓物",0,0,1,0,0,False,"","ui/icon/025000/025919.tex","任务道具",4,1,"向森林致敬",3,"normal/item_start",0
2000583,"妖花花瓣",0,"妖花の花弁",0,0,1,0,0,False,"","ui/icon/022000/022627.tex","任务道具",2,1,"向森林致敬",3,"normal/item_start",0
2000585,"沾满泥土的土器",0,"泥まみれの土器",0,0,1,0,0,False,"","ui/icon/022000/022603.tex","任务道具",8,1,"土中的梦",3,"normal/item_start",0
2000586,"火壶",0,"火炎壺",0,0,1,0,0,False,"","ui/icon/025000/025051.tex","",3,1,"巴斯卡隆的智慧",1,"normal/item_start",3
2000587,"红石耳饰",0,"紅石の耳飾り",0,0,1,0,0,False,"","ui/icon/055000/055216.tex","任务道具",1,1,"永不忘怀",3,"normal/item_start",0
2000588,"空桶",0,"空き樽",0,0,1,0,0,False,"","ui/icon/022000/022261.tex","任务道具",1,1,"佳酿",3,"normal/item_start",0
2000589,"装有清水的桶",0,"清水入りの樽",0,0,1,0,0,False,"","ui/icon/022000/022261.tex","任务道具",1,1,"佳酿",3,"normal/item_start",0
2000590,"长须豹幼崽的胡须",0,"クァール・パップの髭",0,0,1,0,0,False,"","ui/icon/025000/025919.tex","任务道具",5,1,"佳酿",3,"normal/item_start",0
2000591,"手工熟食套餐",0,"お手製卵弁当",0,0,1,0,0,False,"","ui/icon/022000/022641.tex","任务道具",1,1,"方便的午饭",3,"normal/item_start",0
2000592,"细长的化石",0,"細長い化石",0,0,1,0,0,False,"","ui/icon/022000/022202.tex","任务道具",2,1,"遗骸下的真相",3,"normal/item_start",0
2000593,"圆形的化石",0,"丸い化石",0,0,1,0,0,False,"","ui/icon/022000/022256.tex","任务道具",1,1,"遗骸下的真相",3,"normal/item_start",0
2000594,"卢恩浊酒",0,"キキルン濁酒",0,0,1,0,0,False,"","ui/icon/024000/024402.tex","任务道具",1,1,"成熟的友情",3,"normal/item_start",0
2000595,"阿泽玛玫瑰精油",0,"アーゼマローズの香油",0,0,1,0,0,False,"","ui/icon/020000/020663.tex","任务道具",1,1,"巴斯卡隆的礼物",3,"normal/item_start",0
2000596,"妖精族的亲笔信",0,"シルフ族の親書",0,0,1,0,0,False,"","ui/icon/026000/026151.tex","任务道具",1,1,"蛮神拉姆",3,"normal/item_start",0
2000597,"空瓶",0,"",0,0,1,0,0,False,"","ui/icon/020000/020642.tex","任务道具",3,1,"妖精族的护身符",1,"normal/item_start",0
2000598,"血蚤的鲜血",0,"",0,0,1,0,0,False,"","ui/icon/020000/020641.tex","任务道具",3,1,"妖精族的护身符",3,"normal/item_start",0
2000599,"手工稻草人",0,"手製のカカシ",0,0,1,0,0,False,"","ui/icon/021000/021003.tex","任务道具",4,1,"稻草人护卫",3,"normal/item_start",0
2000600,"毛球的鲜血",0,"ファーブルの生血",0,0,1,0,0,False,"","ui/icon/022000/022601.tex","任务道具",3,1,"生发秘方",3,"normal/item_start",0
2000601,"无法解读的信",0,"怪しい紙片(仮)",0,0,1,0,0,False,"","ui/icon/025000/025918.tex","任务道具",1,1,"幕后黑手",3,"normal/item_start",0
2000602,"给巧巧佐的报告",0,"キョキョゾ宛の報告書",0,0,1,0,0,False,"","ui/icon/026000/026151.tex","任务道具",1,1,"前往札尔神祠",3,"normal/item_start",0
2000603,"给高风飞行社的请愿书",0,"ハイウィンド飛空社宛の嘆願書",0,0,1,0,0,False,"","ui/icon/026000/026151.tex","任务道具",1,1,"跨天桥的希望",3,"normal/item_start",0
2000604,"小火种",0,"小さな火種",0,0,1,0,0,False,"","ui/icon/025000/025911.tex","任务道具",1,1,"佯动的狼烟",3,"normal/item_start",0
2000605,"仙人刺的果实",0,"サボテンの実",0,0,1,0,0,False,"","ui/icon/025000/025310.tex","任务道具",5,1,"仙人的药茶",3,"normal/item_start",0
2000606,"纳尔札尔圣水",0,"ナルザルの聖水",0,0,1,0,0,False,"","ui/icon/022000/022614.tex","",1,1,"安息于圣水之下",3,"normal/item_start",0
2000607,"萨纳兰红茶",0,"ザナラーン紅茶",0,0,1,0,0,False,"","ui/icon/024000/024405.tex","任务道具",3,1,"外来者的奋斗",3,"normal/item_start",0
2000608,"黑衣苹果",0,"シュラウドアップル",0,0,1,0,0,False,"","ui/icon/025000/025308.tex","任务道具",6,1,"初恋的味道",3,"normal/item_start",0
2000609,"埋枝战斧",0,"バウバリーの戦斧",0,0,1,0,0,False,"","ui/icon/031000/031408.tex","任务道具",1,1,"传家宝斧",3,"normal/item_start",0
2000610,"紫苏叶",0,"ペリラリーフ",0,0,1,0,0,False,"","ui/icon/025000/025201.tex","任务道具",1,1,"美味的秘诀",3,"normal/item_start",0
2000611,"姆恩·图伊酱汁",0,"ムントゥイソース",0,0,1,0,0,False,"","ui/icon/025000/025054.tex","任务道具",1,1,"美味的秘诀",3,"normal/item_start",0
2000612,"羚羊的大角",0,"アンテロープの大角",0,0,1,0,0,False,"","ui/icon/022000/022204.tex","任务道具",4,1,"兽角制药带来的缘分",3,"normal/item_start",0
2000613,"去脓药膏",0,"手製の化膿止め",0,0,1,0,0,False,"","ui/icon/022000/022603.tex","任务道具",1,1,"兽角制药带来的缘分",3,"normal/item_start",0
2000614,"梅弗里德的推荐信",0,"グンドバルド宛の手紙",0,0,1,0,0,False,"","ui/icon/025000/025918.tex","任务道具",1,1,"再次光临小阿拉米格",3,"normal/item_start",0
2000615,"毒蜥蜴的毒液",0,"ペイストの毒液",0,0,1,0,0,False,"","ui/icon/020000/020661.tex","任务道具",1,1,"以毒攻毒",3,"normal/item_start",0
2000616,"爆破用炸药",0,"採掘用の発破",0,0,1,0,0,False,"","ui/icon/026000/026015.tex","",1,1,"怨念之岩",1,"normal/item_start",3
2000617,"带电结晶",0,"雷気を放つ結晶",0,0,1,0,0,False,"","ui/icon/020000/020005.tex","任务道具",5,1,"怨念之岩",3,"normal/item_start",0
2000618,"客房的小钥匙",0,"コルク亭の鍵(仮)",0,0,1,0,0,False,"","ui/icon/025000/025904.tex","任务道具",1,1,"丢失的钥匙",3,"normal/item_start",0
2000619,"秋瓜浮村报告",0,"調査報告資料(仮)",0,0,1,0,0,False,"","ui/icon/026000/026151.tex","任务道具",1,1,"危险的预兆",3,"normal/item_start",0
2000620,"走味的麦酒",0,"木の栄養剤(仮)",0,0,1,0,0,False,"","ui/icon/020000/020643.tex","任务道具",3,1,"保护树木",3,"normal/item_start",0
2000621,"封魔壶",0,"封魔の壺",0,0,1,0,0,False,"","ui/icon/022000/022603.tex","任务道具",1,1,"巨像兵研究",1,"normal/item_start",0
2000622,"活体魂石",0,"ゴーレム壺（核入り）(仮)",0,0,1,0,0,False,"","ui/icon/022000/022618.tex","任务道具",1,1,"巨像兵研究",3,"normal/item_start",0
2000623,"陆行鸟毛掸子",0,"羽箒(仮)",0,0,1,0,0,False,"","ui/icon/021000/021901.tex","任务道具",2,1,"崇高之美",3,"normal/item_start",0
2000624,"小小的密封信",0,"ゴゴラタの封書(仮)",0,0,1,0,0,False,"","ui/icon/025000/025918.tex","任务道具",1,1,"戈戈拉塔不想动",3,"normal/item_start",0
2000625,"戈戈拉塔的商品",0,"ゴゴラタの商売道具(仮)",0,0,1,0,0,False,"","ui/icon/021000/021003.tex","任务道具",1,1,"戈戈拉塔还是不想动",3,"normal/item_start",0
2000626,"艾尔温的手工盒饭",0,"山師のお弁当(仮)",0,0,1,0,0,False,"","ui/icon/022000/022641.tex","任务道具",3,1,"开山工的美食",3,"normal/item_start",0
2000627,"开山工油灯",0,"空のランプ(仮)",0,0,1,0,0,False,"","ui/icon/021000/021003.tex","任务道具",1,1,"点亮夜晚",1,"normal/item_start",0
2000628,"气球怪油灯",0,"ボムの燃料入りランプ(仮)",0,0,1,0,0,False,"","ui/icon/021000/021003.tex","任务道具",2,1,"点亮夜晚",3,"normal/item_start",0
2000629,"开山工踏台",0,"脚立(仮)",0,0,1,0,0,False,"","ui/icon/021000/021003.tex","任务道具",3,1,"步步高升",3,"normal/item_start",0
2000630,"白百合纽扣",0,"白百合紋のボタン",0,0,1,0,0,False,"","ui/icon/025000/025917.tex","任务道具",1,1,"白百合的秘密",3,"normal/item_start",0
2000631,"毒蟾魔菇伞",0,"トードスツールの胞子(仮)",0,0,1,0,0,False,"","ui/icon/025000/025407.tex","任务道具",5,1,"博物学家马尔塞特",3,"normal/item_start",0
2000632,"特制玻璃瓶",0,"空の保存壺(仮)",0,0,1,0,0,False,"","ui/icon/022000/022606.tex","任务道具",1,1,"马尔塞特的调查委托",1,"normal/item_start",0
2000633,"活体雷元精",0,"ライトニングスプライト保存壺(仮)",0,0,1,0,0,False,"","ui/icon/022000/022606.tex","任务道具",1,1,"马尔塞特的调查委托",3,"normal/item_start",0
2000634,"萌芽池的水",0,"芽吹き池の水(仮)",0,0,1,0,0,False,"","ui/icon/022000/022614.tex","任务道具",3,1,"奥布里奥的悲哀",3,"normal/item_start",0
2000636,"大个的鲱鱼",0,"大ぶりのヘリング",0,0,1,0,0,False,"","ui/icon/029000/029010.tex","任务道具",1,1,"维斯凯特的考验",3,"normal/item_start",0
2000637,"夜蟾蜍腿肉",0,"トードのモモ肉",0,0,1,0,0,False,"","ui/icon/025000/025154.tex","任务道具",1,1,"维斯凯特的考验",3,"normal/item_start",0
2000638,"红菇",0,"ベニイロタケ",0,0,1,0,0,False,"","ui/icon/025000/025406.tex","任务道具",1,1,"朗德内尔的妙计",3,"normal/item_start",0
2000639,"黄沙香",0,"ウルダハスパイス(仮)",0,0,1,0,0,False,"","ui/icon/023000/023001.tex","任务道具",1,1,"异国的芳香",3,"normal/item_start",0
2000640,"掉落的木材",0,"木材(仮)",0,0,1,0,0,False,"","ui/icon/022000/022453.tex","任务道具",3,1,"蔓根沼失物",3,"normal/item_start",0
2000641,"精金龟的巨蛋",0,"アダマンタスの大卵",0,0,1,0,0,False,"","ui/icon/025000/025251.tex","任务道具",1,1,"精金龟的巨蛋",3,"normal/item_start",0
2000642,"火蛟的鲜血",0,"ドレイクの鮮血",0,0,1,0,0,False,"","ui/icon/022000/022601.tex","任务道具",7,1,"遗忘绿洲的约定俗成",3,"normal/item_start",0
2000643,"染血的战戈",0,"血濡れのギザルメ",0,0,1,0,0,False,"","ui/icon/031000/031817.tex","任务道具",1,1,"乌氏的试炼",3,"normal/item_start",0
2000644,"蛮风首饰",0,"蛮風の首飾り",0,0,1,0,0,False,"","ui/icon/054000/054832.tex","任务道具",1,1,"乌氏的试炼",3,"normal/item_start",0
2000645,"鮟鱇的尸体",0,"アングラーの死体",0,0,1,0,0,False,"","ui/icon/025000/025919.tex","任务道具",1,1,"虫肉很美味",3,"normal/item_start",0
2000646,"盲头蟹的爪子",0,"ヤーゾンの歯(仮)",0,0,1,0,0,False,"","ui/icon/022000/022259.tex","任务道具",6,1,"库巴的锻炼",3,"normal/item_start",0
2000647,"大号麻袋",0,"麻袋(仮)",0,0,1,0,0,False,"","ui/icon/022000/022029.tex","任务道具",3,1,"绿洲的明日",1,"normal/item_start",0
2000648,"装有鮟鱇的麻袋",0,"アングラー入り麻袋(仮)",0,0,1,0,0,False,"","ui/icon/025000/025919.tex","任务道具",3,1,"绿洲的明日",3,"normal/item_start",0
2000649,"玛瑙白兰地",0,"オニキスブランデー",0,0,1,0,0,False,"","ui/icon/025000/025057.tex","任务道具",1,1,"回忆的土产酒",3,"normal/item_start",0
2000650,"装肉的麻袋",0,"食料が入った袋(仮)",0,0,1,0,0,False,"","ui/icon/025000/025919.tex","任务道具",5,1,"谁动了我的食物",3,"normal/item_start",0
2000651,"6星司火药",0,"爆薬(仮)",0,0,1,0,0,False,"","ui/icon/025000/025919.tex","",3,1,"暗中活跃的地灵族",1,"normal/item_start",3
2000652,"狮子徽章",0,"戦士のメダル(仮)",0,0,1,0,0,False,"","ui/icon/025000/025917.tex","任务道具",3,1,"白鸥塔上",3,"normal/item_start",0
2000653,"开胃酒订单",0,"食前酒の注文票",0,0,1,0,0,False,"","ui/icon/025000/025918.tex","任务道具",1,1,"美酒配佳肴",3,"normal/item_start",0
2000654,"优质木塞原材",0,"上質のコルク材(仮)",0,0,1,0,0,False,"","ui/icon/022000/022454.tex","任务道具",5,1,"瓶塞也不能怠慢",3,"normal/item_start",0
2000655,"洛马尼的红酒",0,"ローマニのワイン",0,0,1,0,0,False,"","ui/icon/025000/025057.tex","任务道具",1,1,"密林中的男人",3,"normal/item_start",0
2000656,"丛林长须豹的粗皮",0,"ジャングルクァールの粗皮",0,0,1,0,0,False,"","ui/icon/021000/021817.tex","任务道具",4,1,"大兵小愿",3,"normal/item_start",0
2000657,"椰子酒",0,"ココナッツワイン",0,0,1,0,0,False,"","ui/icon/025000/025315.tex","任务道具",3,1,"友情之果",3,"normal/item_start",0
2000658,"酒神葡萄的树枝",0,"ブドウの苗(仮)",0,0,1,0,0,False,"","ui/icon/022000/022417.tex","任务道具",1,1,"人的命运，酒的命运",3,"normal/item_start",0
2000659,"酒神之酒",0,"バッカスグレープの枝",0,0,1,0,0,False,"","ui/icon/025000/025057.tex","任务道具",1,1,"人的命运，酒的命运",3,"normal/item_start",0
2000660,"风元精核心",0,"ウィンドスプライトの核(仮)",0,0,1,0,0,False,"","ui/icon/021000/021262.tex","任务道具",3,1,"凉风拂面",3,"normal/item_start",0
2000661,"旅神葵花束",0,"コリブリの好きな蜜(仮)",0,0,1,0,0,False,"","ui/icon/025000/025022.tex","任务道具",4,1,"蜂鸟争端",3,"normal/item_start",0
2000662,"三大美味",0,"三大珍味の料理",0,0,1,0,0,False,"","ui/icon/022000/022261.tex","任务道具",3,1,"豪华晚宴",3,"normal/item_start",0
2000663,"鲜艳的花朵",0,"鮮やかな花々",0,0,1,0,0,False,"","ui/icon/022000/022631.tex","任务道具",3,1,"豪华晚宴",3,"normal/item_start",0
2000664,"酒神之酒",0,"バッカスの酒杯",0,0,1,0,0,False,"","ui/icon/025000/025057.tex","任务道具",2,1,"豪华晚宴",3,"normal/item_start",0
2000665,"布拉乌吉巴尔的归队申请",0,"上官への手紙(仮)",0,0,1,0,0,False,"","ui/icon/025000/025918.tex","任务道具",1,1,"向瞭望阵营地传话",3,"normal/item_start",0
2000666,"大个的暖水鳟",0,"川魚(仮)",0,0,1,0,0,False,"","ui/icon/029000/029204.tex","任务道具",1,1,"战前准备",3,"normal/item_start",0
2000667,"大号盐烤公主鳟",0,"焼き魚(仮)",0,0,1,0,0,False,"","ui/icon/024000/024301.tex","任务道具",3,1,"战前准备",3,"normal/item_start",0
2000668,"巨像兵的魂石",0,"ゴーレムの核(仮)",0,0,1,0,0,False,"","ui/icon/021000/021202.tex","任务道具",1,1,"切断地灵族的补给",3,"normal/item_start",0
2000669,"迅猛龙的钩爪",0,"ハネトカゲの爪(仮)",0,0,1,0,0,False,"","ui/icon/022000/022301.tex","任务道具",3,1,"激战地区的小知识",3,"normal/item_start",0
2000670,"巨大的麻袋",0,"狩猟網(仮)",0,0,1,0,0,False,"","ui/icon/022000/022029.tex","任务道具",1,1,"副漩士的灵光一闪",1,"normal/item_start",0
2000671,"装长须豹的麻袋",0,"クァール入り網(仮)",0,0,1,0,0,False,"","ui/icon/025000/025919.tex","任务道具",1,1,"副漩士的灵光一闪",3,"normal/item_start",0
2000672,"小火种",0,"爆薬(仮)",0,0,1,0,0,False,"","ui/icon/025000/025911.tex","",3,1,"第129洞穴团",1,"normal/item_start",3
2000673,"蝾螈油",0,"サンショウウオの油(仮)",0,0,1,0,0,False,"","ui/icon/022000/022603.tex","任务道具",4,1,"神秘的雕金匠",3,"normal/item_start",0
2000674,"香葡萄酒",0,"冷たいワイン(仮)",0,0,1,0,0,False,"","ui/icon/025000/025057.tex","任务道具",1,1,"温暖的香葡萄酒",3,"normal/item_start",0
2000675,"温葡萄酒",0,"ホットワイン(仮)",0,0,1,0,0,False,"","ui/icon/025000/025057.tex","任务道具",4,1,"温暖的香葡萄酒",3,"normal/item_start",0
2000676,"石绿湖的冷水",0,"氷(仮)",0,0,1,0,0,False,"","ui/icon/022000/022614.tex","任务道具",3,1,"不可思议的雕金匠",3,"normal/item_start",0
2000677,"坏掉的蒸馏器",0,"壊れた調理器",0,0,1,0,0,False,"","ui/icon/025000/025055.tex","任务道具",1,1,"意外的特技",3,"normal/item_start",0
2000678,"细头錾子",0,"先細のタガネ",0,0,1,0,0,False,"","ui/icon/023000/023103.tex","任务道具",1,1,"静止的时间",3,"normal/item_start",0
2000679,"小钳子",0,"小さなヤットコ",0,0,1,0,0,False,"","ui/icon/035000/035251.tex","任务道具",1,1,"静止的时间",3,"normal/item_start",0
2000680,"修好的怀表",0,"修理された時計",0,0,1,0,0,False,"","ui/icon/021000/021002.tex","任务道具",1,1,"静止的时间",3,"normal/item_start",0
2000681,"驱虫香",0,"虫除け(仮)",0,0,1,0,0,False,"","ui/icon/023000/023001.tex","任务道具",4,1,"无望之虫",3,"normal/item_start",0
2000682,"装硬币的皮袋",0,"司祭の集金袋(仮)",0,0,1,0,0,False,"","ui/icon/025000/025919.tex","任务道具",1,1,"伊琉德神父的喜好",3,"normal/item_start",0
2000683,"装硬币的皮袋",0,"ゾゾルの集金袋(仮)",0,0,1,0,0,False,"","ui/icon/025000/025919.tex","任务道具",1,1,"伊琉德神父的喜好",3,"normal/item_start",0
2000684,"桂皮饼干",0,"神父の好物(仮)",0,0,1,0,0,False,"","ui/icon/024000/024007.tex","任务道具",1,1,"伊琉德神父的喜好",3,"normal/item_start",0
2000685,"拂晓血盟成员的遗体",0,"暁の血盟員の遺体",0,0,1,0,0,False,"","ui/icon/026000/026024.tex","任务道具",4,1,"无语送葬",3,"normal/item_start",0
2000686,"诺拉克希亚的遗体",0,"ノラクシアの遺体",0,0,1,0,0,False,"","ui/icon/026000/026024.tex","任务道具",1,1,"无语送葬",3,"normal/item_start",0
2000687,"朴素的麻布",0,"法衣の布(仮)",0,0,1,0,0,False,"","ui/icon/021000/021601.tex","任务道具",1,1,"修缮法衣",3,"normal/item_start",0
2000688,"太阳仙人刺的肉质茎",0,"サボテンダー・デル・ソルの果肉",0,0,1,0,0,False,"","ui/icon/025000/025214.tex","任务道具",1,1,"太阳之水",3,"normal/item_start",0
2000689,"太阳之水",0,"サボテンダージュース",0,0,1,0,0,False,"","ui/icon/024000/024406.tex","任务道具",1,1,"太阳之水",3,"normal/item_start",0
2000690,"渡渡鸟腐肉",0,"おとり肉(仮)",0,0,1,0,0,False,"","ui/icon/024000/024353.tex","任务道具",1,1,"来自库尔札斯的凶兽",3,"normal/item_start",0
2000693,"被抢走的货物",0,"奪われた荷物",0,0,1,0,0,False,"","ui/icon/021000/021003.tex","任务道具",1,1,"回收遗失的货物",3,"normal/item_start",0
2000694,"被抢走的货物",0,"奪われた荷物",0,0,1,0,0,False,"","ui/icon/021000/021003.tex","任务道具",1,1,"回收遗失的货物",3,"normal/item_start",0
2000695,"被抢走的货物",0,"奪われた荷物",0,0,1,0,0,False,"","ui/icon/021000/021003.tex","任务道具",1,1,"回收遗失的货物",3,"normal/item_start",0
2000696,"被抢走的货物",0,"奪われた荷物",0,0,1,0,0,False,"","ui/icon/021000/021003.tex","任务道具",1,1,,3,"normal/item_start",0
2000697,"给奥尔什方的信",0,"オルシュファン宛の封書",0,0,1,0,0,False,"","ui/icon/025000/025918.tex","任务道具",1,1,"艾因哈特家遇难",3,"normal/item_start",0
2000698,"干柴",0,"薪(仮)",0,0,1,0,0,False,"","ui/icon/027000/027281.tex","任务道具",8,1,"天火加薪",3,"normal/item_start",0
2000699,"新鲜的羊后腰肉",0,"黒羊の肉(仮)",0,0,1,0,0,False,"","ui/icon/025000/025153.tex","任务道具",12,1,"黑羊不语",3,"normal/item_start",0
2000700,"优质的黑羊粗皮",0,"黒羊の毛(仮)",0,0,1,0,0,False,"","ui/icon/021000/021820.tex","任务道具",12,1,"黑羊不语",3,"normal/item_start",0
2000701,"银色的指环",0,"形見の指輪(仮)",0,0,1,0,0,False,"","ui/icon/054000/054403.tex","任务道具",1,1,"少壮骑士的悲剧",3,"normal/item_start",0
2000702,"钝匕首",0,"使い込まれたナイフ(仮)",0,0,1,0,0,False,"","ui/icon/030000/030363.tex","任务道具",1,1,"父亲的牵挂",3,"normal/item_start",0
2000703,"雪地白狼的粗皮",0,"白銀の毛皮(仮)",0,0,1,0,0,False,"","ui/icon/021000/021819.tex","任务道具",4,1,"美丽的银色皮毛",3,"normal/item_start",0
2000704,"强韧的粗草绳",0,"羊捕獲ロープ(仮)",0,0,1,0,0,False,"","ui/icon/026000/026103.tex","任务道具",1,1,"塞巴斯蒂安大作战",3,"normal/item_start",0
2000705,"被绑住的塞巴斯蒂安",0,"捕獲された羊(仮)",0,0,1,0,0,False,"","ui/icon/021000/021003.tex","任务道具",1,1,"塞巴斯蒂安大作战",3,"normal/item_start",0
2000706,"小火种",0,"火種(仮)",0,0,1,0,0,False,"","ui/icon/025000/025911.tex","任务道具",5,1,"喧嚣的晚风",3,"normal/item_start",0
2000707,"黑衣紫杉原木",0,"フォールゴウトの木材(仮)",0,0,1,0,0,False,"","ui/icon/022000/022401.tex","任务道具",1,1,"暗中活跃的鸟人族",3,"normal/item_start",0
2000708,"给伊索多雷尔的信",0,"傭兵隊長への手紙(仮)",0,0,1,0,0,False,"","ui/icon/026000/026151.tex","任务道具",1,1,"神勇队白羊师团",3,"normal/item_start",0
2000709,"爆弹怪的中指",0,"爆弾(仮)",0,0,1,0,0,False,"","ui/icon/030000/030351.tex","任务道具",1,1,"不共戴天",3,"normal/item_start",0
2000710,"给贝尔蒙特的信",0,"イクサルについての調査書(仮)",0,0,1,0,0,False,"","ui/icon/026000/026151.tex","任务道具",1,1,"勤杂工的决心",3,"normal/item_start",0
2000711,"龙眼念锁",0,"竜眼の祈鎖(仮)",0,0,1,0,0,False,"","ui/icon/021000/021002.tex","任务道具",2,1,"线索",3,"normal/item_start",0
2000712,"学者装束概论",0,"霊妖花の若葉（仮）",0,0,1,0,0,False,"","ui/icon/020000/020601.tex","任务道具",1,1,,3,"normal/item_start",0
2000713,"灵妖花的嫩叶",0,"学者の研究資料（仮）",0,0,1,0,0,False,"","ui/icon/020000/020601.tex","任务道具",1,1,,3,"normal/item_start",0
2000714,"精炼过的青磷水",0,"青燐水原液(仮)",0,0,1,0,0,False,"","ui/icon/022000/022606.tex","任务道具",1,1,,3,"normal/item_start",0
2000715,"妮美雅百合花束",0,"花(仮)",0,0,1,0,0,False,"","ui/icon/022000/022627.tex","任务道具",1,1,"献给亲爱的战友",3,"normal/item_start",0
2000716,"圣达奈芬酒",0,"ドラゴンヘッドの酒(仮)",0,0,1,0,0,False,"","ui/icon/025000/025057.tex","任务道具",1,1,"永远的羁绊",3,"normal/item_start",0
2000717,"水晶珠",0,"恋人の遺品(仮)",0,0,1,0,0,False,"","ui/icon/021000/021280.tex","任务道具",3,1,"落魔崖底",3,"normal/item_start",0
2000718,"秘银念锁",0,"ロザリオ(仮)",0,0,1,0,0,False,"","ui/icon/025000/025919.tex","任务道具",1,1,"魔胃中的吊唁",3,"normal/item_start",0
2000719,"破旧的书本",0,"怪しげな古書(仮)",0,0,1,0,0,False,"","ui/icon/026000/026002.tex","任务道具",1,1,"异端的禁书",3,"normal/item_start",0
2000720,"观测记录«1572年第6卷»",0,"観測記録「1572年第6巻」",0,0,1,0,0,False,"","ui/icon/026000/026002.tex","任务道具",1,1,"天上飞过之物",3,"normal/item_start",0
2000721,"奥尔什方的密封信",0,"オルシュファンの封書",0,0,1,0,0,False,"","ui/icon/025000/025918.tex","任务道具",1,1,"天上飞过之物",3,"normal/item_start",0
2000722,"弗朗塞尔的密封信",0,"フランセルの封書",0,0,1,0,0,False,"","ui/icon/025000/025918.tex","任务道具",1,1,"天上飞过之物",3,"normal/item_start",0
2000723,"艾因哈特家的信件",0,"アインハルト家の書簡",0,0,1,0,0,False,"","ui/icon/026000/026151.tex","任务道具",1,1,"风雪白云崖",3,"normal/item_start",0
2000724,"泥沼蝾螈的尾肉",0,"マッドパピーの尾肉",0,0,1,0,0,False,"","ui/icon/025000/025152.tex","任务道具",1,1,"炊事前线",3,"normal/item_start",0
2000725,"泥沼蝾螈肉排",0,"パピーステーキ",0,0,1,0,0,False,"","ui/icon/024000/024352.tex","任务道具",3,1,"炊事前线",3,"normal/item_start",0
2000726,"异端者的遗物",0,"異端者の荷物(仮)",0,0,1,0,0,False,"","ui/icon/025000/025919.tex","任务道具",1,1,"异端者的末路",3,"normal/item_start",0
2000727,"×大審門の瓦礫（未使用）",0,"",0,0,1,0,0,False,"","ui/icon/021000/021003.tex","任务道具",1,1,,3,"normal/item_start",0
2000728,"毛丝栗鼠的兽脂",0,"グリフォンの獣油(仮)",0,0,1,0,0,False,"","ui/icon/022000/022603.tex","任务道具",4,1,"圣战一瞥",3,"normal/item_start",0
2000729,"龙族的甲鳞",0,"ドラゴンの鱗(仮)",0,0,1,0,0,False,"","ui/icon/022000/022251.tex","任务道具",1,1,"跳蜥跋扈",3,"normal/item_start",0
2000730,"老鼠的尸体",0,"ネズミの死骸(仮)",0,0,1,0,0,False,"","ui/icon/025000/025919.tex","任务道具",1,1,"狱中的异端",3,"normal/item_start",0
2000731,"乌尔达哈炼金药",0,"高価な薬(仮)",0,0,1,0,0,False,"","ui/icon/020000/020646.tex","任务道具",1,1,"相恋之人",3,"normal/item_start",0
2000732,"冰元精核心",0,"アイススプライトの核",0,0,1,0,0,False,"","ui/icon/021000/021266.tex","任务道具",6,1,"技术进步",3,"normal/item_start",0
2000733,"染血的任命书",0,"血塗られた書簡",0,0,1,0,0,False,"","ui/icon/026000/026151.tex","任务道具",1,1,"埋藏在雪中的真相",3,"normal/item_start",0
2000734,"破损的武器",0,"壊れた武器(仮)",0,0,1,0,0,False,"","ui/icon/030000/030435.tex","任务道具",5,1,"沉默的吊钟",3,"normal/item_start",0
2000735,"强化狂热药",0,"温まる薬(仮)",0,0,1,0,0,False,"","ui/icon/020000/020663.tex","任务道具",1,1,"寻找自我的医师",3,"normal/item_start",0
2000736,"地下牢狱的钥匙",0,"牢獄のカギ(仮)",0,0,1,0,0,False,"","ui/icon/025000/025903.tex","任务道具",1,1,"越狱",3,"normal/item_start",0
2000737,"钢铁碎冰镐",0,"雪割りツルハシ(仮)",0,0,1,0,0,False,"","ui/icon/038000/038001.tex","任务道具",1,1,"冰封的记忆",3,"normal/item_start",0
2000738,"急救用白兰地",0,"補給物資(仮)",0,0,1,0,0,False,"","ui/icon/025000/025057.tex","任务道具",1,1,"令人战栗的大魔兽",3,"normal/item_start",0
2000739,"强韧的粗草绳",0,"ロープ(仮)",0,0,1,0,0,False,"","ui/icon/026000/026103.tex","任务道具",1,1,"崖壁救援",3,"normal/item_start",0
2000740,"素烧壶",0,"素焼きの壺",0,0,1,0,0,False,"","ui/icon/022000/022603.tex","任务道具",1,1,"壶中天地",3,"normal/item_start",0
2000741,"绝灵壶",0,"絶霊体の壺",0,0,1,0,0,False,"","ui/icon/022000/022603.tex","任务道具",1,1,"首席弟子",3,"normal/item_start",0
2000742,"采石用大锤",0,"採石用モール",0,0,1,0,0,False,"","ui/icon/038000/038051.tex","任务道具",1,1,"翻越火墙",3,"normal/item_start",0
2000743,"金羊毛球的鲜血",0,"超フワフワ白粉(仮)",0,0,1,0,0,False,"","ui/icon/022000/022601.tex","任务道具",5,1,"生发新秘方",3,"normal/item_start",0
2000744,"水晶石英",0,"クリスタルクォーツ(仮)",0,0,1,0,0,False,"","ui/icon/020000/020664.tex","任务道具",5,1,"变种矿爬虫",3,"normal/item_start",0
2000745,"黄金羽毛",0,"黄金色の羽根",0,0,1,0,0,False,"","ui/icon/021000/021901.tex","任务道具",1,1,"幻影群岛怪谈",3,"normal/item_start",0
2000746,"空酒瓶",0,"空瓶(仮)",0,0,1,0,0,False,"","ui/icon/025000/025057.tex","任务道具",1,1,"遇难船上的宝物",3,"normal/item_start",0
2000747,"遇难船上的酒",0,"ワインの入った瓶(仮)",0,0,1,0,0,False,"","ui/icon/025000/025057.tex","任务道具",1,1,"遇难船上的宝物",3,"normal/item_start",0
2000748,"东方的香料",0,"スパイス(仮)",0,0,1,0,0,False,"","ui/icon/025000/025919.tex","任务道具",1,1,"灵与香辛料",3,"normal/item_start",0
2000749,"花蜜香水",0,"花蜜の香料(仮)",0,0,1,0,0,False,"","ui/icon/020000/020623.tex","任务道具",1,1,"妖精与不可思议的种子",3,"normal/item_start",0
2000750,"妖精铃兰的种子",0,"植物の種(仮)",0,0,1,0,0,False,"","ui/icon/025000/025919.tex","任务道具",3,1,"妖精与不可思议的种子",3,"normal/item_start",0
2000751,"风元精核心",0,"ウィンドスプライトの核（仮）",0,0,1,0,0,False,"","ui/icon/021000/021262.tex","任务道具",4,1,"祝福的花雨",3,"normal/item_start",0
2000752,"赤心石",0,"赤心石",0,0,1,0,0,False,"","ui/icon/021000/021253.tex","任务道具",1,1,"水晶争夺战",3,"normal/item_start",0
2000753,"偏属性水晶",0,"偏属性クリスタル",0,0,1,0,0,False,"","ui/icon/020000/020649.tex","任务道具",1,1,"企业号准备就绪！",3,"normal/item_start",0
2000756,"外灵质触媒",0,"ウィスプの結晶(仮)",0,0,1,0,0,False,"","ui/icon/025000/025919.tex","任务道具",1,1,"结晶树",3,"normal/item_start",0
2000757,"离子电触媒",0,"ウィスプの巨大結晶(仮)",0,0,1,0,0,False,"","ui/icon/025000/025919.tex","任务道具",9,1,"结晶树",3,"normal/item_start",0
2000758,"废弃物资",0,"詰められていた資材(仮)",0,0,1,0,0,False,"","ui/icon/021000/021003.tex","任务道具",3,1,"亡者之钟",3,"normal/item_start",0
2000759,"精美的密封信",0,"α宛の手紙(仮)",0,0,1,0,0,False,"","ui/icon/025000/025918.tex","任务道具",1,1,"思念的传递者",3,"normal/item_start",0
2000760,"贴花的密封信",0,"β宛の手紙(仮)",0,0,1,0,0,False,"","ui/icon/025000/025918.tex","任务道具",1,1,"思念的传递者",3,"normal/item_start",0
2000761,"简朴的密封信",0,"θ宛の手紙(仮)",0,0,1,0,0,False,"","ui/icon/025000/025918.tex","任务道具",1,1,"思念的传递者",3,"normal/item_start",0
2000762,"锋利的水晶",0,"シンボルの破片(仮)",0,0,1,0,0,False,"","ui/icon/020000/020649.tex","任务道具",4,1,"巨人的圣地",3,"normal/item_start",0
2000763,"泥沼蝾螈肝",0,"サンショウウオの肉(仮)",0,0,1,0,0,False,"","ui/icon/022000/022602.tex","任务道具",5,1,"男人的梦想",3,"normal/item_start",0
2000764,"纠缠杉叶藻的根",0,"モードゥナリリー(仮)",0,0,1,0,0,False,"","ui/icon/025000/025005.tex","任务道具",8,1,"出土奇物",3,"normal/item_start",0
2000765,"装甲外壳",0,"装甲破片(仮)",0,0,1,0,0,False,"","ui/icon/021000/021003.tex","任务道具",8,1,"陶瓷合金之心",3,"normal/item_start",0
2000766,"雷波测量仪",0,"雷波測定器",0,0,1,0,0,False,"","ui/icon/021000/021002.tex","任务道具",1,1,"帝国频道阻塞干扰",3,"normal/item_start",0
2000767,"受损的帝国军军装",0,"傷んだ帝国軍制式兵装",0,0,1,0,0,False,"","ui/icon/042000/042345.tex","任务道具",3,1,"另一类军装",3,"normal/item_start",0
2000768,"受损的帝国军头盔",0,"傷んだ帝国軍制式兜",0,0,1,0,0,False,"","ui/icon/040000/040128.tex","任务道具",3,1,"另一类军装",3,"normal/item_start",0
2000769,"修复的帝国军军装",0,"整えられた帝国軍制式兵装",0,0,1,0,0,False,"","ui/icon/042000/042345.tex","任务道具",3,1,"另一类军装",3,"normal/item_start",0
2000770,"修复的帝国军头盔",0,"整えられた帝国軍制式兜",0,0,1,0,0,False,"","ui/icon/040000/040128.tex","任务道具",3,1,"另一类军装",3,"normal/item_start",0
2000771,"帝国式烟雾信号弹",0,"帝国式発煙筒",0,0,1,0,0,False,"","ui/icon/025000/025019.tex","任务道具",1,1,"夺取魔导装甲",3,"normal/item_start",0
2000772,"魔法人偶核",0,"魔法人形のコア",0,0,1,0,0,False,"","ui/icon/025000/025919.tex","任务道具",1,1,"魔导兵器所见之梦",3,"normal/item_start",0
2000773,"帝国军认证密钥",0,"帝国軍認証鍵",0,0,1,0,0,False,"","ui/icon/026000/026014.tex","任务道具",1,1,"逃离中央堡",3,"normal/item_start",0
2000774,"巨虻的翼膜",0,"ケッドの羽(仮)",0,0,1,0,0,False,"","ui/icon/021000/021951.tex","任务道具",3,1,"恐怖的骑士",3,"normal/item_start",0
2000775,"红燕首饰",0,"ドッグタグ(仮)",0,0,1,0,0,False,"","ui/icon/054000/054809.tex","任务道具",4,1,"生者的使命",3,"normal/item_start",0
2000776,"手工炸弹",0,"発破剤(仮)",0,0,1,0,0,False,"","ui/icon/026000/026015.tex","",3,1,"釜底抽薪",1,"normal/item_start",3
2000777,"新型炼金炉破坏作战报告书",0,"報告書(仮)",0,0,1,0,0,False,"","ui/icon/026000/026151.tex","任务道具",1,1,"胜利的成果",3,"normal/item_start",0
2000779,"24星司火药",0,"発破剤(仮)",0,0,1,0,0,False,"","ui/icon/026000/026015.tex","",1,1,"尸念之情",1,"normal/item_start",3
2000780,"乌氏软膏",0,"傷薬(仮)",0,0,1,0,0,False,"","ui/icon/022000/022603.tex","任务道具",3,1,"被俘的族人",3,"normal/item_start",0
2000781,"黑涡团补给物资",0,"船に積む荷物1(仮)",0,0,1,0,0,False,"","ui/icon/021000/021003.tex","任务道具",1,1,"护送水晶",3,"normal/item_start",0
2000782,"手工炸弹",0,"クリスタル破壊爆弾(仮)",0,0,1,0,0,False,"","ui/icon/026000/026015.tex","",3,1,"水晶爆破指令",1,"normal/item_start",3
2000783,"黑涡团军粮",0,"補給物資(仮)",0,0,1,0,0,False,"","ui/icon/024000/024111.tex","任务道具",2,1,"亲兄弟明算账",3,"normal/item_start",0
2000784,"滑嫩刺身",0,"クラゲの刺身(仮)",0,0,1,0,0,False,"","ui/icon/025000/025156.tex","任务道具",8,1,"好吃的海蜂刺身",3,"normal/item_start",0
2000785,"石蜥蜴肉",0,"バジリスクの肉",0,0,1,0,0,False,"","ui/icon/025000/025154.tex","任务道具",3,1,"无名的战友们",3,"normal/item_start",0
2000786,"清炖石蜥蜴肉",0,"バジリスクシチュー",0,0,1,0,0,False,"","ui/icon/024000/024107.tex","任务道具",3,1,"无名的战友们",3,"normal/item_start",0
2000787,"恒辉队制式剑",0,"不滅隊の剣(仮)",0,0,1,0,0,False,"","ui/icon/021000/021003.tex","任务道具",1,1,"输送前线物资",3,"normal/item_start",0
2000788,"榴弹怪的爪子",0,"錬金薬の元(仮)",0,0,1,0,0,False,"","ui/icon/030000/030351.tex","任务道具",1,1,"梅梅佐夫的炼金药",3,"normal/item_start",0
2000789,"鸡尾药",0,"応急薬(仮)",0,0,1,0,0,False,"","ui/icon/020000/020684.tex","任务道具",4,1,"救死扶伤的使命",3,"normal/item_start",0
2000790,"冥鬼之眼的角膜",0,"アーリマンの肝(仮)",0,0,1,0,0,False,"","ui/icon/022000/022605.tex","任务道具",6,1,"贵重的药品",3,"normal/item_start",0
2000791,"白狼门通行许可证",0,"通行許可証(仮)",0,0,1,0,0,False,"","ui/icon/026000/026153.tex","任务道具",1,1,"格里达尼亚白狼门",3,"normal/item_start",0
2000792,"学者装束概论",0,"学者装束の研究資料(仮)",0,0,1,0,0,False,"","ui/icon/026000/026002.tex","任务道具",1,1,"还原古代设计",3,"normal/item_start",0
2000793,"灵妖花的嫩叶",0,"霊妖花の実(仮)",0,0,1,0,0,False,"","ui/icon/025000/025010.tex","任务道具",1,1,"还原古代设计",3,"normal/item_start",0
2000794,"未完成的学者装束",0,"裁断された霊絹布(仮)",0,0,1,0,0,False,"","ui/icon/023000/023154.tex","任务道具",3,1,"还原古代设计",3,"normal/item_start",0
2000795,"阿·拓瓦·坎特的骨灰",0,"ボロボロの布きれ(仮)",0,0,1,0,0,False,"","ui/icon/020000/020601.tex","任务道具",1,1,,3,"normal/item_start",0
2000796,"训练用的木箱",0,"訓練用の木箱",0,0,1,0,0,False,"","ui/icon/021000/021003.tex","任务道具",1,1,"创造现实的魔纹",3,"normal/item_start",0
2000797,"隐藏的书卷",0,"古代文字が刻まれた骨片(仮)",0,0,1,0,0,False,"","ui/icon/020000/020601.tex","任务道具",1,1,,3,"normal/item_start",0
2000798,"全新的魔导书",0,"新しい魔導書(仮)",0,0,1,0,0,False,"","ui/icon/020000/020601.tex","任务道具",1,1,,3,"normal/item_start",0
2000799,"指令书",0,"ク・リヒャからの指令書(仮)",0,0,1,0,0,False,"","ui/icon/020000/020601.tex","任务道具",1,1,,3,"normal/item_start",0
2000800,"生鲜活鲱鱼",0,"釣ったばかりの魚(仮)",0,0,1,0,0,False,"","ui/icon/020000/020601.tex","任务道具",1,1,,3,"normal/item_start",0
2000801,"特制鳗鱼派",0,"特製のイールパイ",0,0,1,0,0,False,"","ui/icon/020000/020601.tex","任务道具",1,1,,3,"normal/item_start",0
2000802,"塞满硬币的钱袋",0,"硬貨の詰まった袋",0,0,1,0,0,False,"","ui/icon/020000/020601.tex","任务道具",1,1,,3,"normal/item_start",0
2000803,"奇怪的皮袋",0,"謎めいた革袋",0,0,1,0,0,False,"","ui/icon/020000/020601.tex","任务道具",1,1,,3,"normal/item_start",0
2000804,"爱尔德吉斯的裹身裙",0,"エルドギスのパレオ(仮)",0,0,1,0,0,False,"","ui/icon/020000/020601.tex","任务道具",1,1,,3,"normal/item_start",0
2000805,"珍藏的葡萄酒",0,"秘蔵のワイン",0,0,1,0,0,False,"","ui/icon/020000/020601.tex","任务道具",1,1,,3,"normal/item_start",0
2000806,"特制香烩时蔬",0,"ヤニ特製のラタトゥイユ(仮)",0,0,1,0,0,False,"","ui/icon/020000/020601.tex","任务道具",1,1,,3,"normal/item_start",0
2000807,"盖娃的项环",0,"ゲヴァのチョーカー",0,0,1,0,0,False,"","ui/icon/054000/054840.tex","任务道具",1,1,"生命的光彩",3,"normal/item_start",0
2000808,"瑕托托的魔石",0,"シャトトの魔石(仮)",0,0,1,0,0,False,"","ui/icon/026000/026009.tex","任务道具",1,1,"罪人的低语，命运的神谕",3,"normal/item_start",0
2000809,"妖异之鲜血",0,"lv35の魔物の血(仮)",0,0,1,0,0,False,"","ui/icon/022000/022601.tex","任务道具",1,1,"预言的时刻，献祭的鲜血",3,"normal/item_start",0
2000810,"妖异之鲜血",0,"lv40の魔物の血1(仮)",0,0,1,0,0,False,"","ui/icon/022000/022601.tex","任务道具",1,1,"他乡的知己，异族的友人",3,"normal/item_start",0
2000811,"妖异之鲜血",0,"lv40の魔物の血2(仮)",0,0,1,0,0,False,"","ui/icon/022000/022601.tex","任务道具",1,1,"他乡的知己，异族的友人",3,"normal/item_start",0
2000812,"蜥蜴人的鲜血",0,"アマルジャの血(仮)",0,0,1,0,0,False,"","ui/icon/022000/022601.tex","任务道具",1,1,"求索的旅途，绸缪的出路",3,"normal/item_start",0
2000813,"普库诺·珀奇的护身符",0,"プクノ・ポキのお守り(仮)",0,0,1,0,0,False,"","ui/icon/026000/026007.tex","任务道具",1,1,"诗与弓交织的旋律",3,"normal/item_start",0
2000814,"龙魔笛",0,"竜の魔笛",0,0,1,0,0,False,"","ui/icon/022000/022205.tex","任务道具",1,1,"双龙邂逅",3,"normal/item_start",0
2000815,"雷蛟头骨",0,"ドラゴン眷属の頭骨",0,0,1,0,0,False,"","ui/icon/022000/022201.tex","任务道具",1,1,"双龙邂逅",3,"normal/item_start",0
2000816,"武僧之证",0,"星型の石(仮)",0,0,1,0,0,False,"","ui/icon/026000/026004.tex","任务道具",1,1,"亡国的雷鸣",3,"normal/item_start",0
2000817,"以太测量仪",0,"lv30エーテル計測器(仮)",0,0,1,0,0,False,"","ui/icon/021000/021003.tex","任务道具",1,1,"蓝色的战场",3,"normal/item_start",0
2000818,"以太测量仪",0,"lv40エーテル計測器(仮)",0,0,1,0,0,False,"","ui/icon/021000/021003.tex","任务道具",1,1,"不和的旋律",3,"normal/item_start",0
2000819,"以太测量仪",0,"ウィダルゲルドのエーテル計測器(仮)",0,0,1,0,0,False,"","ui/icon/021000/021003.tex","任务道具",1,1,"不和的旋律",3,"normal/item_start",0
2000820,"以太测量仪",0,"lv45エーテル計測器(仮)",0,0,1,0,0,False,"","ui/icon/021000/021003.tex","任务道具",1,1,"脉轮的波纹",3,"normal/item_start",0
2000821,"亡者的遗骸",0,"不浄な遺骸",0,0,1,0,0,False,"","ui/icon/020000/020406.tex","任务道具",1,1,"自由骑士的誓约",3,"normal/item_start",0
2000822,"神秘的水晶",0,"謎の男から受け取ったクリスタル(仮)",0,0,1,0,0,False,"","ui/icon/026000/026003.tex","任务道具",1,1,"自由骑士的誓约",3,"normal/item_start",0
2000823,"豆子袋",0,"試練呼び出し用の肉(仮)",0,0,1,0,0,False,"","ui/icon/020000/020601.tex","任务道具",1,1,,3,"normal/item_start",0
2000824,"龙魔笛",0,"竜の魔笛",0,0,1,0,0,False,"","ui/icon/022000/022205.tex","任务道具",1,1,"邪龙之声",3,"normal/item_start",0
2000826,"新鲜蜂蜜",0,"採れたての蜂蜜",0,0,1,0,0,False,"","ui/icon/025000/025102.tex","任务道具",1,1,"花蜜之路",3,"normal/item_start",0
2000827,"深绿补剂",0,"深緑のトニック",0,0,1,0,0,False,"","ui/icon/022000/022606.tex","任务道具",3,1,"慈爱的小公主",3,"normal/item_start",0
2000828,"歌德鸟蛋汤",0,"バスカロン名物激辛スープ (仮)",0,0,1,0,0,False,"","ui/icon/024000/024111.tex","",1,1,"游子之家",3,"normal/item_start",0
2000829,"蚁狮酸",0,"アントリオン酸",0,0,1,0,0,False,"","ui/icon/022000/022614.tex","",1,1,"以毒攻毒",3,"normal/item_start",0
2000830,"绿色炼金药",0,"カニ必殺アイテム(仮)",0,0,1,0,0,False,"","ui/icon/020000/020683.tex","",1,1,"大型甲壳类的恐怖",3,"normal/item_start",0
2000831,"乳根",0,"ミルクルート",0,0,1,0,0,False,"","ui/icon/025000/025005.tex","任务道具",1,1,"诱人的特产",3,"normal/item_start",0
2000832,"细长的化石",0,"細長い化石",0,0,1,0,0,False,"","ui/icon/022000/022202.tex","任务道具",1,1,,3,"normal/item_start",0
2000833,"蓝布顿巨虫肉",0,"ラムトンウォームの肉",0,0,1,0,0,False,"","ui/icon/029000/029001.tex","任务道具",1,1,"虫肉很美味",3,"normal/item_start",0
2000835,"黑衣椒",0,"シュラウドペッパー",0,0,1,0,0,False,"","ui/icon/025000/025007.tex","任务道具",1,1,"美味的秘诀",3,"normal/item_start",0
2000836,"干燥龙息椒",0,"乾燥ドラゴンペッパー",0,0,1,0,0,False,"","ui/icon/025000/025011.tex","任务道具",1,1,"美味的秘诀",3,"normal/item_start",0
2000837,"绝灵壶",0,"絶霊体の壺",0,0,1,0,0,False,"","ui/icon/022000/022603.tex","任务道具",1,1,"翻越火墙",3,"normal/item_start",0
2000838,"沉重的绝灵壶",0,"重い絶霊体の壺",0,0,1,0,0,False,"","ui/icon/022000/022603.tex","任务道具",1,1,"翻越火墙",3,"normal/item_start",0
2000839,"绝灵壶",0,"絶霊体の壺",0,0,1,0,0,False,"","ui/icon/022000/022603.tex","任务道具",1,1,"真首席弟子",3,"normal/item_start",0
2000840,"绝灵壶",0,"絶霊体の壺",0,0,1,0,0,False,"","ui/icon/022000/022603.tex","任务道具",1,1,"才、才不怕鬼！",3,"normal/item_start",0
2000841,"沉重的绝灵壶",0,"重い絶霊体の壺",0,0,1,0,0,False,"","ui/icon/022000/022603.tex","任务道具",1,1,"疯狂的歌声",3,"normal/item_start",0
2000842,"给布里塞尔的信",0,"ブリセル宛の書簡",0,0,1,0,0,False,"","ui/icon/025000/025918.tex","任务道具",1,1,"帝国的动向",3,"normal/item_start",0
2000843,"特别航线许可证",0,"特別渡航許可証",0,0,1,0,0,False,"","ui/icon/026000/026153.tex","任务道具",1,1,"幻影群岛怪谈",3,"normal/item_start",0
2000844,"纪念戒指",0,"遺品の指輪(仮) ",0,0,1,0,0,False,"","ui/icon/054000/054403.tex","任务道具",1,1,"冰封的记忆",3,"normal/item_start",0
2000845,"狂野野猪的厚肉",0,"ワイルドホッグの肉(仮)",0,0,1,0,0,False,"","ui/icon/025000/025153.tex","任务道具",5,1,"家庭晚餐",3,"normal/item_start",0
2000846,"奥丁调查报告书",0,"報告書(仮)",0,0,1,0,0,False,"","ui/icon/026000/026151.tex","任务道具",1,1,"圣典的真相",3,"normal/item_start",0
2000848,"肥嫩的刺身",0,"クラゲの刺身(仮)",0,0,1,0,0,False,"","ui/icon/025000/025156.tex","任务道具",8,1,"难吃的海蜂刺身",3,"normal/item_start",0
2000849,"弥弥德亚式耳塞",0,"ミミドア式耳栓",0,0,1,0,0,False,"","ui/icon/025000/025919.tex","任务道具",1,1,"疯狂的歌声",3,"normal/item_start",0
2000850,"帝国军制式剑",0,"帝国軍制式剣",0,0,1,0,0,False,"","ui/icon/030000/030407.tex","任务道具",1,1,"远方来客",3,"normal/item_start",0
2000851,"商品包裹",0,"オディネル宛の荷物(仮)",0,0,1,0,0,False,"","ui/icon/023000/023001.tex","任务道具",1,1,"绿洲商人",3,"normal/item_start",0
2000852,"特级白兰地",0,"お詫びの品(仮)",0,0,1,0,0,False,"","ui/icon/025000/025057.tex","任务道具",1,1,"辛特戈特的歉意",3,"normal/item_start",0
2000853,"被偷走的调查记录",0,"調査資料(仮)",0,0,1,0,0,False,"","ui/icon/026000/026153.tex","任务道具",1,1,"巨人的圣地",3,"normal/item_start",0
2000854,"强韧的粗草绳",0,"ロープ(仮)",0,0,1,0,0,False,"","ui/icon/026000/026103.tex","任务道具",1,1,"注意脚下",3,"normal/item_start",0
2000855,"仙人药茶",0,"サボテンの薬茶",0,0,1,0,0,False,"","ui/icon/024000/024406.tex","任务道具",3,1,"仙人的药茶",3,"normal/item_start",0
2000856,"奥尔什方的信",0,"デュランデル家への紹介状",0,0,1,0,0,False,"","ui/icon/025000/025918.tex","任务道具",1,1,"冷淡的前哨",3,"normal/item_start",0
2000857,"黑衣苹果",0,"お供えリンゴ(仮)",0,0,1,0,0,False,"","ui/icon/025000/025308.tex","任务道具",2,1,"丰收之时",3,"normal/item_start",0
2000858,"弗朗塞尔的密封信",0,"書状その2(仮)",0,0,1,0,0,False,"","ui/icon/025000/025918.tex","任务道具",1,1,"冷淡的前哨",3,"normal/item_start",0
2000859,"仙人酒",0,"サボテン酒",0,0,1,0,0,False,"","ui/icon/024000/024404.tex","任务道具",2,1,"死亡的威胁",3,"normal/item_start",0
2000860,"黑羊的鲜血",0,"タウルス呼び寄せ（仮）",0,0,1,0,0,False,"","ui/icon/022000/022601.tex","任务道具",1,1,"魔胃中的吊唁",3,"normal/item_start",0
2000861,"凄惨的尸体",0,"無残な死体",0,0,1,0,0,False,"","ui/icon/026000/026024.tex","任务道具",1,1,"推理的热情",3,"normal/item_start",0
2000862,"恶臭的胃袋",0,"胃袋(仮)",0,0,1,0,0,False,"","ui/icon/022000/022602.tex","任务道具",1,1,"不洁的工作",3,"normal/item_start",0
2000863,"钢铲",0,"貝を剥がすための道具(仮)",0,0,1,0,0,False,"","ui/icon/035000/035403.tex","任务道具",3,1,"岸边的古螺",3,"normal/item_start",0
2000864,"哥布林奶酪",0,"ゴブリンチーズ",0,0,1,0,0,False,"","ui/icon/024000/024451.tex","任务道具",1,1,"布雷福洛克斯的奶酪",3,"normal/item_start",0
2000865,"阿泽玛玫瑰花束",0,"白い花束(仮)",0,0,1,0,0,False,"","ui/icon/025000/025023.tex","任务道具",1,1,"爱的花束",3,"normal/item_start",0
2000866,"染血的任命书",0,"血塗られた書簡",0,0,1,0,0,False,"","ui/icon/026000/026151.tex","任务道具",1,1,"雪夜的回忆",3,"normal/item_start",0
2000867,"银色的指环",0,"形見の指輪(仮)",0,0,1,0,0,False,"","ui/icon/054000/054403.tex","任务道具",1,1,"伊修加德的荣誉",3,"normal/item_start",0
2000868,"长柄大锤",0,"バールのようなもの(仮)",0,0,1,0,0,False,"","ui/icon/038000/038052.tex","任务道具",3,1,"亡者之钟",3,"normal/item_start",0
2000869,"黑涡团补给物资",0,"船に積む荷物2(仮)",0,0,1,0,0,False,"","ui/icon/021000/021003.tex","任务道具",1,1,"护送水晶",3,"normal/item_start",0
2000870,"黑涡团补给物资",0,"船に積む荷物3(仮)",0,0,1,0,0,False,"","ui/icon/021000/021003.tex","任务道具",1,1,"护送水晶",3,"normal/item_start",0
2000871,"地灵祭司的铁盔",0,"コボルドNM兜（仮)",0,0,1,0,0,False,"","ui/icon/021000/021002.tex","任务道具",1,1,"第129洞穴团",3,"normal/item_start",0
2000872,"忘忧泪",0,"邪眼の涙",0,0,1,0,0,False,"","ui/icon/020000/020662.tex","任务道具",99,1,,3,"normal/item_start",0
2000873,"爆弹怪的无名指",0,"ボムの薬指",0,0,1,0,0,False,"","ui/icon/022000/022623.tex","",99,1,,3,"normal/item_start",0
2000874,"大炎辉石",0,"大炎輝石",0,0,1,0,0,False,"","ui/icon/021000/021468.tex","",99,1,,3,"normal/item_start",0
2000875,"烈焰火蛟的唾液",0,"フレイムドレイクの可燃液",0,0,1,0,0,False,"","ui/icon/020000/020641.tex","",99,1,,3,"normal/item_start",0
2000876,"白狼的粗皮",0,"ホワイトウルフの粗皮",0,0,1,0,0,False,"","ui/icon/022000/022018.tex","",99,1,,3,"normal/item_start",0
2000877,"汽油弹怪的小指",0,"ナパームの小指",0,0,1,0,0,False,"","ui/icon/022000/022623.tex","任务道具",99,1,,3,"normal/item_start",0
2000878,"柔软的羊肉",0,"柔らかな羊肉",0,0,1,0,0,False,"","ui/icon/025000/025153.tex","任务道具",99,1,,3,"normal/item_start",0
2000879,"调查植被土样",0,"植生調査用の土",0,0,1,0,0,False,"","ui/icon/021000/021464.tex","",99,1,,3,"normal/item_start",0
2000880,"骏鹰腿肉",0,"ヒッポグリフのモモ肉",0,0,1,0,0,False,"","ui/icon/025000/025152.tex","任务道具",99,1,,3,"normal/item_start",0
2000881,"雷蛟筋腱",0,"ビアストのスジ肉",0,0,1,0,0,False,"","ui/icon/025000/025153.tex","任务道具",99,1,,3,"normal/item_start",0
2000882,"冰元精核心",0,"アイススプライトの核",0,0,1,0,0,False,"","ui/icon/021000/021266.tex","任务道具",99,1,,3,"normal/item_start",0
2000883,"隐藏的书卷",0,"古代文字が刻まれた石",0,0,1,0,0,False,"","ui/icon/025000/025906.tex","任务道具",3,1,"洒脱的佯攻战术",3,"normal/item_start",0
2000884,"全新的魔导书",0,"新しい魔道書",0,0,1,0,0,False,"","ui/icon/026000/026002.tex","任务道具",1,1,"洒脱的佯攻战术",3,"normal/item_start",0
2000885,"指令书",0,"指示書",0,0,1,0,0,False,"","ui/icon/025000/025918.tex","任务道具",1,1,"秘术最高级命题的证明",3,"normal/item_start",0
2000886,"生鲜活鲱鱼",0,"魚",0,0,1,0,0,False,"","ui/icon/029000/029010.tex","任务道具",1,1,"秘术最高级命题的证明",3,"normal/item_start",0
2000887,"特制鳗鱼派",0,"パイ",0,0,1,0,0,False,"","ui/icon/024000/024305.tex","任务道具",1,1,"秘术最高级命题的证明",3,"normal/item_start",0
2000888,"塞满硬币的钱袋",0,"宝石",0,0,1,0,0,False,"","ui/icon/026000/026001.tex","任务道具",1,1,"秘术最高级命题的证明",3,"normal/item_start",0
2000889,"奇怪的皮袋",0,"スカーフ",0,0,1,0,0,False,"","ui/icon/025000/025919.tex","任务道具",1,1,"秘术最高级命题的证明",3,"normal/item_start",0
2000890,"爱尔德吉斯的裹身裙",0,"袋",0,0,1,0,0,False,"","ui/icon/023000/023301.tex","任务道具",1,1,"秘术最高级命题的证明",3,"normal/item_start",0
2000891,"珍藏的葡萄酒",0,"酒",0,0,1,0,0,False,"","ui/icon/025000/025057.tex","任务道具",1,1,"秘术最高级命题的证明",3,"normal/item_start",0
2000892,"小手杖",0,"小さな杖",0,0,1,0,0,False,"","ui/icon/032000/032404.tex","任务道具",1,1,"屋顶上的小黑影",3,"normal/item_start",0
2000893,"修补用石材",0,"補修用の石材",0,0,1,0,0,False,"","ui/icon/022000/022615.tex","",99,1,,0,"normal/item_start",0
2000894,"修补用优质石材",0,"良質の補修用の石材",0,0,1,0,0,False,"","ui/icon/022000/022615.tex","",99,1,,0,"normal/item_start",0
2000895,"压缩雪块",0,"圧雪ブロック",0,0,1,0,0,False,"","ui/icon/029000/029001.tex","",99,1,,0,"normal/item_start",0
2000896,"库尔札斯石灰岩",0,"クルザス石灰岩",0,0,1,0,0,False,"","ui/icon/022000/022615.tex","",99,1,,0,"normal/item_start",0
2000897,"青秘银矿",0,"青霊銀鉱",0,0,1,0,0,False,"","ui/icon/021000/021208.tex","",99,1,,0,"normal/item_start",0
2000898,"优质青秘银矿",0,"良質の青霊銀鉱",0,0,1,0,0,False,"","ui/icon/021000/021208.tex","",99,1,,0,"normal/item_start",0
2000899,"大冰壁冰片",0,"大氷壁の氷片",0,0,1,0,0,False,"","ui/icon/020000/020003.tex","",99,1,,0,"normal/item_start",0
2000900,"坚硬的大冰壁冰片",0,"大氷壁の硬い氷片",0,0,1,0,0,False,"","ui/icon/020000/020015.tex","",99,1,,0,"normal/item_start",0
2000901,"白铁矿",0,"白鉄鉱",0,0,1,0,0,False,"","ui/icon/021000/021216.tex","",99,1,,0,"normal/item_start",0
2000902,"修葺用石材",0,"修繕用の石材",0,0,1,0,0,False,"","ui/icon/022000/022615.tex","",99,1,,0,"normal/item_start",0
2000903,"库尔札斯冻土",0,"クルザスの凍土",0,0,1,0,0,False,"","ui/icon/021000/021203.tex","",99,1,,0,"normal/item_start",0
2000904,"库尔札斯永久冻土",0,"クルザスの永久凍土",0,0,1,0,0,False,"","ui/icon/021000/021203.tex","",99,1,,0,"normal/item_start",0
2000905,"飞空战舰装甲材料",0,"飛空戦艦の装甲材",0,0,1,0,0,False,"","ui/icon/020000/020953.tex","",99,1,,0,"normal/item_start",0
2000906,"飞空战舰超硬合金",0,"飛空戦艦の超硬合金",0,0,1,0,0,False,"","ui/icon/020000/020960.tex","",99,1,,0,"normal/item_start",0
2000907,"遗迹水晶",0,"遺跡のクリスタル",0,0,1,0,0,False,"","ui/icon/020000/020015.tex","",99,1,,0,"normal/item_start",0
2000908,"有划痕的亚拉戈神符石",0,"傷ついたアラガンストーン",0,0,1,0,0,False,"","ui/icon/021000/021300.tex","",99,1,,0,"normal/item_start",0
2000909,"结晶化树根",0,"結晶化した根",0,0,1,0,0,False,"","ui/icon/020000/020015.tex","",99,1,,0,"normal/item_start",0
2000910,"结晶化树干",0,"結晶化した幹",0,0,1,0,0,False,"","ui/icon/020000/020009.tex","",99,1,,0,"normal/item_start",0
2000911,"库尔札斯薄荷",0,"クルザスミント",0,0,1,0,0,False,"","ui/icon/025000/025016.tex","",99,1,,0,"normal/item_start",0
2000912,"优质库尔札斯薄荷",0,"良質のクルザスミント",0,0,1,0,0,False,"","ui/icon/025000/025016.tex","",99,1,,0,"normal/item_start",0
2000913,"优质橡木原木",0,"良質のオーク原木",0,0,1,0,0,False,"","ui/icon/022000/022401.tex","",99,1,,0,"normal/item_start",0
2000914,"杂草",0,"ショートウィード",0,0,1,0,0,False,"","ui/icon/025000/025010.tex","",99,1,,0,"normal/item_start",0
2000915,"浮木树枝",0,"流木の枝",0,0,1,0,0,False,"","ui/icon/022000/022416.tex","",99,1,,0,"normal/item_start",0
2000916,"浮木树干",0,"流木の幹",0,0,1,0,0,False,"","ui/icon/022000/022401.tex","",99,1,,0,"normal/item_start",0
2000917,"斑点天牛",0,"マダラカミキリ",0,0,1,0,0,False,"","ui/icon/027000/027002.tex","",99,1,,0,"normal/item_start",0
2000918,"患病的树皮",0,"病に冒された樹皮",0,0,1,0,0,False,"","ui/icon/022000/022418.tex","",99,1,,0,"normal/item_start",0
2000919,"笔直的树枝",0,"真っ直ぐな枝",0,0,1,0,0,False,"","ui/icon/022000/022416.tex","",99,1,,0,"normal/item_start",0
2000920,"高地柚木原木",0,"ハイランドチークの原木",0,0,1,0,0,False,"","ui/icon/022000/022403.tex","",99,1,,0,"normal/item_start",0
2000921,"受伤的树皮",0,"傷ついた樹皮",0,0,1,0,0,False,"","ui/icon/022000/022418.tex","",99,1,,0,"normal/item_start",0
2000922,"刻有符号的树皮",0,"符号が刻まれた樹皮",0,0,1,0,0,False,"","ui/icon/022000/022418.tex","",99,1,,0,"normal/item_start",0
2000923,"遗物的碎片",0,"遺物の欠片",0,0,1,0,0,False,"","ui/icon/021000/021457.tex","",99,1,,0,"normal/item_start",0
2000924,"褪色的亚拉戈神符石",0,"汚れたアラガンストーン",0,0,1,0,0,False,"","ui/icon/021000/021300.tex","",99,1,,0,"normal/item_start",0
2000925,"踏台用木材",0,"足場用の木材",0,0,1,0,0,False,"","ui/icon/022000/022403.tex","",99,1,,0,"normal/item_start",0
2000926,"结晶化杂草",0,"結晶化した下草",0,0,1,0,0,False,"","ui/icon/020000/020015.tex","",99,1,,0,"normal/item_start",0
2000927,"半结晶化树枝",0,"半結晶化した枝",0,0,1,0,0,False,"","ui/icon/022000/022416.tex","",99,1,,0,"normal/item_start",0
2000928,"半结晶化树干",0,"半結晶化した幹",0,0,1,0,0,False,"","ui/icon/022000/022410.tex","",99,1,,0,"normal/item_start",0
2000929,"锋利的箭头",0,"矢（仮）",0,0,1,0,0,False,"","ui/icon/027000/027241.tex","任务道具",3,1,"激战地区的小知识",3,"normal/item_start",0
2000930,"巨像兵的魂石",0,"石兵のソウルストーン",0,0,1,0,0,False,"","ui/icon/021000/021202.tex","任务道具",1,1,"水晶争夺战",3,"normal/item_start",0
2000931,"绝灵壶",0,"絶霊体の壺",0,0,1,0,0,False,"","ui/icon/022000/022603.tex","任务道具",1,1,,3,"normal/item_start",0
2000932,"偏属性水晶",0,"重い絶霊体の壺",0,0,1,0,0,False,"","ui/icon/020000/020649.tex","任务道具",1,1,"水晶争夺战",3,"normal/item_start",0
2000933,"龙骨",0,"ドラゴンの骨(仮)",0,0,1,0,0,False,"","ui/icon/022000/022202.tex","任务道具",1,1,"屠龙的证明",3,"normal/item_start",0
2000934,"卫月碎片",0,"遺物(仮)",0,0,1,0,0,False,"","ui/icon/025000/025919.tex","任务道具",1,1,"卫月与食人魔",3,"normal/item_start",0
2000935,"拉尔戈护身符",0,"ラールガーの神符",0,0,1,0,0,False,"","ui/icon/026000/026151.tex","任务道具",1,1,"佯动的狼烟",3,"normal/item_start",0
2000936,"灵魂水晶",0,"発掘されたソウルクリスタル(仮)",0,0,1,0,0,False,"","ui/icon/020000/020601.tex","任务道具",1,1,,3,"normal/item_start",0
2000937,"神秘的魔石",0,"フェアリーの宿る石(仮)",0,0,1,0,0,False,"","ui/icon/020000/020601.tex","任务道具",1,1,,3,"normal/item_start",0
2000938,"神秘的魔石",0,"ア・トワ・カントの秘石(仮)",0,0,1,0,0,False,"","ui/icon/026000/026008.tex","任务道具",1,1,"伟人的后继者",3,"normal/item_start",0
2000939,"全新的腕套",0,"新品のグローブ(仮)",0,0,1,0,0,False,"","ui/icon/021000/021611.tex","任务道具",1,1,"伟人的足迹",3,"normal/item_start",0
2000940,"全新的及膝裤",0,"新品のキュロット(仮)",0,0,1,0,0,False,"","ui/icon/021000/021611.tex","任务道具",1,1,"伟人的足迹",3,"normal/item_start",0
2000941,"全新的长靴",0,"新品のブーツ(仮)",0,0,1,0,0,False,"","ui/icon/021000/021611.tex","任务道具",1,1,"伟人的足迹",3,"normal/item_start",0
2000942,"全新的头冠",0,"新品のサークレット(仮)",0,0,1,0,0,False,"","ui/icon/021000/021611.tex","任务道具",1,1,"伟人的足迹",3,"normal/item_start",0
2000943,"全新的长袍",0,"新品のローブ(仮)",0,0,1,0,0,False,"","ui/icon/021000/021611.tex","任务道具",1,1,"伟人的足迹",3,"normal/item_start",0
2000944,"阿·拓瓦·坎特的骨灰",0,"壊れた聖櫃(仮)",0,0,1,0,0,False,"","ui/icon/025000/025055.tex","任务道具",1,1,"恶徒的报应",3,"normal/item_start",0
2000945,"龙眼念锁",0,"竜眼の祈鎖",0,0,1,0,0,False,"","ui/icon/021000/021002.tex","任务道具",1,1,"雪夜的回忆",3,"normal/item_start",0
2000946,"酒神葡萄的树叶",0,"ブドウの葉(仮)",0,0,1,0,0,False,"","ui/icon/025000/025016.tex","任务道具",1,1,"人的命运，酒的命运",3,"normal/item_start",0
2000947,"水晶塔雕像",0,"信仰のシンボル完成品(仮)",0,0,1,0,0,False,"","ui/icon/021000/021002.tex","任务道具",1,1,"巨人的圣地",3,"normal/item_start",0
2000948,"亡者的骨灰",0,"試練達成の証(仮)の灰",0,0,1,0,0,False,"","ui/icon/022000/022210.tex","任务道具",1,1,"自由骑士的誓约",3,"normal/item_start",0
2000949,"不可思议的水晶",0,"ナイトの証(仮)",0,0,1,0,0,False,"","ui/icon/020000/020601.tex","任务道具",1,1,,3,"normal/item_start",0
2000950,"花蜜香水",0,"花蜜の香料(仮)",0,0,1,0,0,False,"","ui/icon/020000/020644.tex","任务道具",1,1,"优秀的冒险者",3,"normal/item_start",0
2000951,"以太测量仪",0,"計測器(仮)",0,0,1,0,0,False,"","ui/icon/021000/021003.tex","任务道具",1,1,"亡国的雷鸣",3,"normal/item_start",0
2000952,"妮美雅百合花束",0,"花(仮)",0,0,1,0,0,False,"","ui/icon/022000/022627.tex","任务道具",1,1,"罪孽深重的愚者",3,"normal/item_start",0
2000953,"妮美雅百合花束",0,"花(仮)",0,0,1,0,0,False,"","ui/icon/022000/022627.tex","任务道具",1,1,"生命的赞歌",3,"normal/item_start",0
2000954,"妖异之鲜血",0,"lv45の魔物の血(仮)",0,0,1,0,0,False,"","ui/icon/022000/022601.tex","任务道具",1,1,"罪人的低语，命运的神谕",3,"normal/item_start",0
2000955,"鸟人的鲜血",0,"イクサルの血（仮）",0,0,1,0,0,False,"","ui/icon/022000/022601.tex","任务道具",1,1,"求索的旅途，绸缪的出路",3,"normal/item_start",0
2000956,"地灵的鲜血",0,"コボルドの血（仮)",0,0,1,0,0,False,"","ui/icon/022000/022601.tex","任务道具",1,1,"求索的旅途，绸缪的出路",3,"normal/item_start",0
2000957,"六识之鲜血",0,"PC種族の血（仮）",0,0,1,0,0,False,"","ui/icon/022000/022601.tex","任务道具",1,1,"求索的旅途，绸缪的出路",3,"normal/item_start",0
2000958,"马尔塞特特制炼金药",0,"除草剤(仮)",0,0,1,0,0,False,"","ui/icon/020000/020645.tex","",1,1,"不洁的工作",3,"normal/item_start",0
2000959,"蜂毒酒",0,"蜂漬けの毒酒",0,0,1,0,0,False,"","ui/icon/024000/024403.tex","",1,1,"朗德内尔的妙计",3,"normal/item_start",0
2000960,"装有冷水的水瓶",0,"硫酸(仮)",0,0,1,0,0,False,"","ui/icon/022000/022614.tex","",1,1,"切断地灵族的补给",3,"normal/item_start",0
2000961,"山果醋",0,"クルザスビネガー",0,0,1,0,0,False,"","ui/icon/025000/025452.tex","",1,1,"炊事前线",3,"normal/item_start",0
2000962,"香辛料炸弹",0,"オーガヨワクナール(仮)",0,0,1,0,0,False,"","ui/icon/025000/025919.tex","",1,1,"卫月与食人魔",3,"normal/item_start",0
2000963,"净化圣水",0,"聖なる光(仮)",0,0,1,0,0,False,"","ui/icon/022000/022614.tex","",1,1,"恶神觉醒",3,"normal/item_start",0
2000964,"未完成的学者装束",0,"裁断された霊絹布（仮）",0,0,1,0,0,False,"","ui/icon/020000/020601.tex","任务道具",1,1,,3,"normal/item_start",0
2000965,"被斩断的封印石",0,"封印石の欠片(仮)",0,0,1,0,0,False,"","ui/icon/021000/021452.tex","任务道具",1,1,"恶神觉醒",3,"normal/item_start",0
2000966,"诺拉克希亚的遗体",0,"イベントアイテム339(仮)",0,0,1,0,0,False,"","ui/icon/026000/026024.tex","任务道具",1,1,"落叶归根",3,"normal/item_start",0
2000967,"小麦酒港定期报告书",0,"始末書(仮)",0,0,1,0,0,False,"","ui/icon/026000/026153.tex","任务道具",1,1,"黑涡团新兵很气馁",3,"normal/item_start",0
2000968,"黄昏蝙蝠的翅膀",0,"ダスクバットの飛膜(仮)",0,0,1,0,0,False,"","ui/icon/021000/021955.tex","任务道具",5,1,"蝙蝠的启示",3,"normal/item_start",0
2000969,"给威尔特希斯的密封信",0,"母からの手紙(仮)",0,0,1,0,0,False,"","ui/icon/025000/025918.tex","任务道具",1,1,"母亲的信",3,"normal/item_start",0
2000970,"鹈鹕的毒液",0,"コカトリスの毒(仮)",0,0,1,0,0,False,"","ui/icon/020000/020626.tex","任务道具",3,1,"对付鱼人的战术",3,"normal/item_start",0
2000971,"低地白葡萄酒",0,"さしいれのお酒(仮)",0,0,1,0,0,False,"","ui/icon/025000/025057.tex","任务道具",2,1,"防波堤兄弟",3,"normal/item_start",0
2000972,"桤木星",0,"献花する花(仮)",0,0,1,0,0,False,"","ui/icon/025000/025008.tex","任务道具",1,1,"向艾尔格海穆尔献上一朵花",3,"normal/item_start",0
2000973,"破旧的匕首",0,"",0,0,1,0,0,False,"","ui/icon/030000/030362.tex","任务道具",1,1,"小阿拉米格的大麻烦",3,"normal/item_start",0
2000974,"赞拉克地图",0,"",0,0,1,0,0,False,"","ui/icon/026000/026151.tex","任务道具",1,1,"小阿拉米格的大麻烦",3,"normal/item_start",0
2000975,"毛绒绒补剂",0,"フサフサトニック",0,0,1,0,0,False,"","ui/icon/022000/022606.tex","任务道具",1,1,"生发秘方",3,"normal/item_start",0
2000976,"毛乎乎补剂",0,"",0,0,1,0,0,False,"","ui/icon/022000/022606.tex","任务道具",1,1,"生发新秘方",3,"normal/item_start",0
2000979,"妖异全集«严寒冰封的怪物»之页",0,"",0,0,1,0,0,False,"","ui/icon/026000/026151.tex","",99,1,,3,"normal/item_start",0
2000980,"中音巨鳄肉",0,"",0,0,1,0,0,False,"","ui/icon/025000/025153.tex","任务道具",99,1,,3,"normal/item_start",0
2000981,"妖异全集«异界火焰的怪物»之页",0,"",0,0,1,0,0,False,"","ui/icon/026000/026151.tex","",99,1,,3,"normal/item_start",0
2000982,"妖异全集«黑暗羽翼的怪物»之页",0,"",0,0,1,0,0,False,"","ui/icon/026000/026151.tex","",99,1,,3,"normal/item_start",0
2000983,"妖异全集«尖牙利齿的怪物»之页",0,"",0,0,1,0,0,False,"","ui/icon/026000/026151.tex","",99,1,,3,"normal/item_start",0
2000984,"泥沼蝾螈肉排",0,"",0,0,1,0,0,False,"","ui/icon/024000/024352.tex","任务道具",1,1,"炊事前线",3,"normal/item_start",0
2000985,"小钥匙",0,"",0,0,1,0,0,False,"","ui/icon/025000/025904.tex","任务道具",99,1,,0,"normal/item_start",0
2000986,"神秘的石板",0,"",0,0,1,0,0,False,"","ui/icon/021000/021470.tex","任务道具",99,1,,0,"normal/item_start",0
2000987,"罗薇娜的债权书",0,"ロウェナの債権書",0,0,1,0,0,False,"","ui/icon/025000/025906.tex","任务道具",1,1,"传说中的武器工匠",3,"normal/item_start",0
2000988,"朽坏的勇悍斧",0,"朽ち果てたブラビューラ",0,0,1,0,0,False,"","ui/icon/021000/021003.tex","任务道具",1,1,"复苏的上古武器（勇悍斧）",3,"normal/item_start",0
2000989,"朽坏的无锋剑柯塔纳",0,"朽ち果てたコルタナ",0,0,1,0,0,False,"","ui/icon/021000/021003.tex","任务道具",1,1,"复苏的上古武器（无锋剑柯塔纳）",3,"normal/item_start",0
2000990,"朽坏的释法来",0,"朽ち果てたスファライ",0,0,1,0,0,False,"","ui/icon/021000/021003.tex","任务道具",1,1,"复苏的上古武器（释法来）",3,"normal/item_start",0
2000991,"朽坏的穿心枪盖博尔格",0,"朽ち果てたゲイボルグ",0,0,1,0,0,False,"","ui/icon/021000/021003.tex","任务道具",1,1,"复苏的上古武器（穿心枪盖博尔格）",3,"normal/item_start",0
2000992,"朽坏的星尘杖",0,"朽ち果てた星屑のロッド",0,0,1,0,0,False,"","ui/icon/021000/021003.tex","任务道具",1,1,"复苏的上古武器（星尘杖）",3,"normal/item_start",0
2000993,"朽坏的酒神杖",0,"朽ち果てたタイラス",0,0,1,0,0,False,"","ui/icon/021000/021003.tex","任务道具",1,1,"复苏的上古武器（酒神杖）",3,"normal/item_start",0
2000994,"朽坏的月神之弓",0,"朽ち果てたアルテミスの弓",0,0,1,0,0,False,"","ui/icon/021000/021003.tex","任务道具",1,1,"复苏的上古武器（月神之弓）",3,"normal/item_start",0
2000995,"朽坏的绿瞳列传",0,"朽ち果てたウイユヴェール",0,0,1,0,0,False,"","ui/icon/021000/021003.tex","任务道具",1,1,"复苏的上古武器（绿瞳列传）",3,"normal/item_start",0
2000996,"朽坏的万辞全书",0,"朽ち果てたマダレムジエン",0,0,1,0,0,False,"","ui/icon/021000/021003.tex","任务道具",1,1,"复苏的上古武器（万辞全书）",3,"normal/item_start",0
2000997,"矾土晶粒",0,"アルミナ研粒",0,0,1,0,0,False,"","ui/icon/021000/021204.tex","任务道具",1,1,"复苏的上古武器（勇悍斧）",3,"normal/item_start",0
2000998,"矾土晶粒",0,"アルミナ研粒",0,0,1,0,0,False,"","ui/icon/021000/021204.tex","任务道具",1,1,"复苏的上古武器（无锋剑柯塔纳）",3,"normal/item_start",0
2000999,"矾土晶粒",0,"アルミナ研粒",0,0,1,0,0,False,"","ui/icon/021000/021204.tex","任务道具",1,1,"复苏的上古武器（释法来）",3,"normal/item_start",0
2001000,"矾土晶粒",0,"アルミナ研粒",0,0,1,0,0,False,"","ui/icon/021000/021204.tex","任务道具",1,1,"复苏的上古武器（穿心枪盖博尔格）",3,"normal/item_start",0
2001001,"矾土晶粒",0,"アルミナ研粒",0,0,1,0,0,False,"","ui/icon/021000/021204.tex","任务道具",1,1,"复苏的上古武器（星尘杖）",3,"normal/item_start",0
2001002,"矾土晶粒",0,"アルミナ研粒",0,0,1,0,0,False,"","ui/icon/021000/021204.tex","任务道具",1,1,"复苏的上古武器（酒神杖）",3,"normal/item_start",0
2001003,"矾土晶粒",0,"アルミナ研粒",0,0,1,0,0,False,"","ui/icon/021000/021204.tex","任务道具",1,1,"复苏的上古武器（月神之弓）",3,"normal/item_start",0
2001004,"矾土晶粒",0,"アルミナ研粒",0,0,1,0,0,False,"","ui/icon/021000/021204.tex","任务道具",1,1,"复苏的上古武器（绿瞳列传）",3,"normal/item_start",0
2001005,"矾土晶粒",0,"アルミナ研粒",0,0,1,0,0,False,"","ui/icon/021000/021204.tex","任务道具",1,1,"复苏的上古武器（万辞全书）",3,"normal/item_start",0
2001006,"无限城的石板",0,"アムダプールの石板",0,0,1,0,0,False,"","ui/icon/026000/026201.tex","任务道具",1,1,"复苏的上古武器（勇悍斧）",3,"normal/item_start",0
2001007,"无限城的石板",0,"アムダプールの石板",0,0,1,0,0,False,"","ui/icon/026000/026201.tex","任务道具",1,1,"复苏的上古武器（无锋剑柯塔纳）",3,"normal/item_start",0
2001008,"无限城的石板",0,"アムダプールの石板",0,0,1,0,0,False,"","ui/icon/026000/026201.tex","任务道具",1,1,"复苏的上古武器（释法来）",3,"normal/item_start",0
2001009,"无限城的石板",0,"アムダプールの石板",0,0,1,0,0,False,"","ui/icon/026000/026201.tex","任务道具",1,1,"复苏的上古武器（穿心枪盖博尔格）",3,"normal/item_start",0
2001010,"无限城的石板",0,"アムダプールの石板",0,0,1,0,0,False,"","ui/icon/026000/026201.tex","任务道具",1,1,"复苏的上古武器（星尘杖）",3,"normal/item_start",0
2001011,"无限城的石板",0,"アムダプールの石板",0,0,1,0,0,False,"","ui/icon/026000/026201.tex","任务道具",1,1,"复苏的上古武器（酒神杖）",3,"normal/item_start",0
2001012,"无限城的石板",0,"アムダプールの石板",0,0,1,0,0,False,"","ui/icon/026000/026201.tex","任务道具",1,1,"复苏的上古武器（月神之弓）",3,"normal/item_start",0
2001013,"无限城的石板",0,"アムダプールの石板",0,0,1,0,0,False,"","ui/icon/026000/026201.tex","任务道具",1,1,"复苏的上古武器（绿瞳列传）",3,"normal/item_start",0
2001014,"无限城的石板",0,"アムダプールの石板",0,0,1,0,0,False,"","ui/icon/026000/026201.tex","任务道具",1,1,"复苏的上古武器（万辞全书）",3,"normal/item_start",0
2001015,"«大佣兵传说»",0,"写本：大傭兵伝説",0,0,1,0,0,False,"","ui/icon/026000/026002.tex","任务道具",1,1,"复苏的上古武器（勇悍斧）",3,"normal/item_start",0
2001016,"«崔斯特拉姆之颂»",0,"写本：トリストラムの歌",0,0,1,0,0,False,"","ui/icon/026000/026002.tex","任务道具",1,1,"复苏的上古武器（无锋剑柯塔纳）",3,"normal/item_start",0
2001017,"«双豹武斗经»",0,"写本：双豹拳闘伝",0,0,1,0,0,False,"","ui/icon/026000/026002.tex","任务道具",1,1,"复苏的上古武器（释法来）",3,"normal/item_start",0
2001018,"«蕾内特福音»",0,"写本：レネットの福音書",0,0,1,0,0,False,"","ui/icon/026000/026002.tex","任务道具",1,1,"复苏的上古武器（穿心枪盖博尔格）",3,"normal/item_start",0
2001019,"«石绿湖文书»",0,"写本：石緑湖文書",0,0,1,0,0,False,"","ui/icon/026000/026002.tex","任务道具",1,1,"复苏的上古武器（星尘杖）",3,"normal/item_start",0
2001020,"«角尊谈话随笔»",0,"写本：或る術士の随筆",0,0,1,0,0,False,"","ui/icon/026000/026002.tex","任务道具",1,1,"复苏的上古武器（酒神杖）",3,"normal/item_start",0
2001021,"«基尔波特诗歌集»",0,"写本：ギルバート詩歌集",0,0,1,0,0,False,"","ui/icon/026000/026002.tex","任务道具",1,1,"复苏的上古武器（月神之弓）",3,"normal/item_start",0
2001022,"«绿瞳列传古本»",0,"写本：ウイユヴェール",0,0,1,0,0,False,"","ui/icon/026000/026002.tex","任务道具",1,1,"复苏的上古武器（绿瞳列传）",3,"normal/item_start",0
2001023,"«魔大战记录»",0,"写本：魔大戦記",0,0,1,0,0,False,"","ui/icon/026000/026002.tex","任务道具",1,1,"复苏的上古武器（万辞全书）",3,"normal/item_start",0
2001024,"伊弗利特之火",0,"イフリートの炎",0,0,1,0,0,False,"","ui/icon/025000/025911.tex","任务道具",1,1,"复苏的上古武器（勇悍斧）",3,"normal/item_start",0
2001025,"伊弗利特之火",0,"イフリートの炎",0,0,1,0,0,False,"","ui/icon/025000/025911.tex","任务道具",1,1,"复苏的上古武器（无锋剑柯塔纳）",3,"normal/item_start",0
2001026,"伊弗利特之火",0,"イフリートの炎",0,0,1,0,0,False,"","ui/icon/025000/025911.tex","任务道具",1,1,"复苏的上古武器（释法来）",3,"normal/item_start",0
2001027,"伊弗利特之火",0,"イフリートの炎",0,0,1,0,0,False,"","ui/icon/025000/025911.tex","任务道具",1,1,"复苏的上古武器（穿心枪盖博尔格）",3,"normal/item_start",0
2001028,"伊弗利特之火",0,"イフリートの炎",0,0,1,0,0,False,"","ui/icon/025000/025911.tex","任务道具",1,1,"复苏的上古武器（星尘杖）",3,"normal/item_start",0
2001029,"伊弗利特之火",0,"イフリートの炎",0,0,1,0,0,False,"","ui/icon/025000/025911.tex","任务道具",1,1,"复苏的上古武器（酒神杖）",3,"normal/item_start",0
2001030,"伊弗利特之火",0,"イフリートの炎",0,0,1,0,0,False,"","ui/icon/025000/025911.tex","任务道具",1,1,"复苏的上古武器（月神之弓）",3,"normal/item_start",0
2001031,"伊弗利特之火",0,"イフリートの炎",0,0,1,0,0,False,"","ui/icon/025000/025911.tex","任务道具",1,1,"复苏的上古武器（绿瞳列传）",3,"normal/item_start",0
2001032,"伊弗利特之火",0,"イフリートの炎",0,0,1,0,0,False,"","ui/icon/025000/025911.tex","任务道具",1,1,"复苏的上古武器（万辞全书）",3,"normal/item_start",0
2001033,"迦楼罗之风",0,"ガルーダの風",0,0,1,0,0,False,"","ui/icon/025000/025901.tex","任务道具",1,1,"复苏的上古武器（勇悍斧）",3,"normal/item_start",0
2001034,"迦楼罗之风",0,"ガルーダの風",0,0,1,0,0,False,"","ui/icon/025000/025901.tex","任务道具",1,1,"复苏的上古武器（无锋剑柯塔纳）",3,"normal/item_start",0
2001035,"迦楼罗之风",0,"ガルーダの風",0,0,1,0,0,False,"","ui/icon/025000/025901.tex","任务道具",1,1,"复苏的上古武器（释法来）",3,"normal/item_start",0
2001036,"迦楼罗之风",0,"ガルーダの風",0,0,1,0,0,False,"","ui/icon/025000/025901.tex","任务道具",1,1,"复苏的上古武器（穿心枪盖博尔格）",3,"normal/item_start",0
2001037,"迦楼罗之风",0,"ガルーダの風",0,0,1,0,0,False,"","ui/icon/025000/025901.tex","任务道具",1,1,"复苏的上古武器（星尘杖）",3,"normal/item_start",0
2001038,"迦楼罗之风",0,"ガルーダの風",0,0,1,0,0,False,"","ui/icon/025000/025901.tex","任务道具",1,1,"复苏的上古武器（酒神杖）",3,"normal/item_start",0
2001039,"迦楼罗之风",0,"ガルーダの風",0,0,1,0,0,False,"","ui/icon/025000/025901.tex","任务道具",1,1,"复苏的上古武器（月神之弓）",3,"normal/item_start",0
2001040,"迦楼罗之风",0,"ガルーダの風",0,0,1,0,0,False,"","ui/icon/025000/025901.tex","任务道具",1,1,"复苏的上古武器（绿瞳列传）",3,"normal/item_start",0
2001041,"迦楼罗之风",0,"ガルーダの風",0,0,1,0,0,False,"","ui/icon/025000/025901.tex","任务道具",1,1,"复苏的上古武器（万辞全书）",3,"normal/item_start",0
2001042,"泰坦之土",0,"タイタンの黄土",0,0,1,0,0,False,"","ui/icon/021000/021464.tex","任务道具",1,1,"复苏的上古武器（勇悍斧）",3,"normal/item_start",0
2001043,"泰坦之土",0,"タイタンの黄土",0,0,1,0,0,False,"","ui/icon/021000/021464.tex","任务道具",1,1,"复苏的上古武器（无锋剑柯塔纳）",3,"normal/item_start",0
2001044,"泰坦之土",0,"タイタンの黄土",0,0,1,0,0,False,"","ui/icon/021000/021464.tex","任务道具",1,1,"复苏的上古武器（释法来）",3,"normal/item_start",0
2001045,"泰坦之土",0,"タイタンの黄土",0,0,1,0,0,False,"","ui/icon/021000/021464.tex","任务道具",1,1,"复苏的上古武器（穿心枪盖博尔格）",3,"normal/item_start",0
2001046,"泰坦之土",0,"タイタンの黄土",0,0,1,0,0,False,"","ui/icon/021000/021464.tex","任务道具",1,1,"复苏的上古武器（星尘杖）",3,"normal/item_start",0
2001047,"泰坦之土",0,"タイタンの黄土",0,0,1,0,0,False,"","ui/icon/021000/021464.tex","任务道具",1,1,"复苏的上古武器（酒神杖）",3,"normal/item_start",0
2001048,"泰坦之土",0,"タイタンの黄土",0,0,1,0,0,False,"","ui/icon/021000/021464.tex","任务道具",1,1,"复苏的上古武器（月神之弓）",3,"normal/item_start",0
2001049,"泰坦之土",0,"タイタンの黄土",0,0,1,0,0,False,"","ui/icon/021000/021464.tex","任务道具",1,1,"复苏的上古武器（绿瞳列传）",3,"normal/item_start",0
2001050,"泰坦之土",0,"タイタンの黄土",0,0,1,0,0,False,"","ui/icon/021000/021464.tex","任务道具",1,1,"复苏的上古武器（万辞全书）",3,"normal/item_start",0
2001051,"圣人泪水",0,"ダナフェンの聖水",0,0,1,0,0,False,"","ui/icon/022000/022614.tex","",99,1,,0,"normal/item_start",0
2001052,"青磷机关部件",0,"青燐機関の部品",0,0,1,0,0,False,"","ui/icon/020000/020953.tex","",99,1,,0,"normal/item_start",0
2001053,"毒蘑菇孢子",0,"毒キノコの胞子",0,0,1,0,0,False,"","ui/icon/025000/025407.tex","",99,1,,0,"normal/item_start",0
2001054,"鹈鹕蛋",0,"ペリカンの卵",0,0,1,0,0,False,"","ui/icon/025000/025251.tex","",99,1,,0,"normal/item_start",0
2001055,"妖精族的遗物",0,"シルフ族の遺品",0,0,1,0,0,False,"","ui/icon/026000/026001.tex","",99,1,,0,"normal/item_start",0
2001056,"巨像兵的魂石",0,"石兵のソウルストーン",0,0,1,0,0,False,"","ui/icon/021000/021202.tex","",99,1,,0,"normal/item_start",0
2001057,"接雨草花蜜",0,"レインキャッチャーの蜜",0,0,1,0,0,False,"","ui/icon/025000/025105.tex","",99,1,,0,"normal/item_start",0
2001058,"帝国军认证密钥",0,"",0,0,1,0,0,False,"","ui/icon/026000/026014.tex","任务道具",1,1,,0,"normal/item_start",0
2001059,"37式炸药",0,"",0,0,1,0,0,False,"","ui/icon/021000/021003.tex","任务道具",1,1,,0,"normal/item_start",0
2001060,"帝国军认证密钥",0,"",0,0,1,0,0,False,"","ui/icon/026000/026014.tex","任务道具",99,1,,0,"normal/item_start",0
2001061,"以太测量仪",0,"",0,0,1,0,0,False,"","ui/icon/021000/021003.tex","任务道具",1,1,"亡国的雷鸣",3,"normal/item_start",0
2001062,"以太测量仪",0,"",0,0,1,0,0,False,"","ui/icon/021000/021003.tex","任务道具",1,1,"蓝色的战场",3,"normal/item_start",0
2001063,"以太测量仪",0,"",0,0,1,0,0,False,"","ui/icon/021000/021003.tex","任务道具",1,1,"不和的旋律",3,"normal/item_start",0
2001064,"以太测量仪",0,"",0,0,1,0,0,False,"","ui/icon/021000/021003.tex","任务道具",1,1,"脉轮的波纹",3,"normal/item_start",0
2001065,"帝国军认证密钥",0,"",0,0,1,0,0,False,"","ui/icon/026000/026014.tex","任务道具",1,1,,0,"normal/item_start",0
2001066,"37式炸药",0,"",0,0,1,0,0,False,"","ui/icon/021000/021003.tex","任务道具",1,1,,0,"normal/item_start",0
2001067,"拂晓血盟成员的遗体",0,"暁の血盟員の遺体",0,0,1,0,0,False,"","ui/icon/026000/026024.tex","任务道具",3,1,"无语送葬",3,"normal/item_start",0
2001068,"守护天糖果",0,"",0,0,1,0,0,False,"","ui/icon/024000/024067.tex","任务道具",4,1,"守护天节的魔法糖果",3,"normal/item_start",0
2001069,"守护天糖果",0,"",0,0,1,0,0,False,"","ui/icon/024000/024067.tex","任务道具",4,1,"守护天节的魔法糖果",3,"normal/item_start",0
2001070,"守护天糖果",0,"",0,0,1,0,0,False,"","ui/icon/024000/024067.tex","任务道具",4,1,"守护天节的魔法糖果",3,"normal/item_start",0
2001071,"灯油",0,"ランタンオイル",0,0,1,0,0,False,"","ui/icon/020000/020661.tex","任务道具",99,1,,0,"normal/item_start",0
2001072,"新鲜的泥沼陆鱼",0,"新鮮なマッドプギル",0,0,1,0,0,False,"","ui/icon/025000/025919.tex","任务道具",3,1,"母与子",3,"normal/item_start",0
2001073,"清澈的蝾螈油",0,"濁りなきサラマンダー油",0,0,1,0,0,False,"","ui/icon/022000/022614.tex","任务道具",1,1,"母与子",3,"normal/item_start",0
2001074,"受损的芙·拉敏的歌声",0,"傷ついたフ・ラミンの歌声",0,0,1,0,0,False,"","ui/icon/055000/055211.tex","任务道具",1,1,"芙·拉敏的歌声",3,"normal/item_start",0
2001075,"装矿石的麻袋",0,"鉱石入りの麻袋",0,0,1,0,0,False,"","ui/icon/020000/020406.tex","任务道具",1,1,"芙·拉敏的歌声",3,"normal/item_start",0
2001076,"芙·拉敏的歌声",0,"フ・ラミンの歌声",0,0,1,0,0,False,"","ui/icon/055000/055211.tex","任务道具",1,1,"芙·拉敏的歌声",3,"normal/item_start",0
2001077,"本部迁移计划书",0,"本部移転計画書",0,0,1,0,0,False,"","ui/icon/025000/025918.tex","任务道具",1,1,"前往丧灵钟",3,"normal/item_start",0
2001078,"喀恩封魔石",0,"カルンの封魔石",0,0,1,0,0,False,"","ui/icon/021000/021208.tex","任务道具",1,1,"埋没圣堂的寻石之旅",3,"normal/item_start",0
2001079,"24星司炸弹",0,"24オンズ爆弾",0,0,1,0,0,False,"","ui/icon/026000/026015.tex","",3,1,"牵制帝国",3,"normal/item_start",3
2001080,"包装好的货物",0,"梱包された荷物",0,0,1,0,0,False,"","ui/icon/025000/025916.tex","任务道具",4,1,"收拾沙之家的行李",3,"normal/item_start",0
2001081,"高地茶叶",0,"ハイランド茶葉",0,0,1,0,0,False,"","ui/icon/025000/025009.tex","任务道具",4,1,"塔塔露的请求",3,"normal/item_start",0
2001082,"环线航空票",0,"",0,0,1,0,0,False,"","ui/icon/026000/026153.tex","任务道具",1,1,"粗心的男人",0,"normal/item_start",0
2001083,"干净的骨头",0,"",0,0,1,0,0,False,"","ui/icon/022000/022202.tex","任务道具",1,1,"拯救小狼犬",3,"normal/item_start",0
2001084,"饥饿的小狗",0,"",0,0,1,0,0,False,"","ui/icon/059000/059450.tex","任务道具",1,1,"拯救小狼犬",0,"normal/item_start",0
2001085,"×'救急キット（仮）",0,"",0,0,1,0,0,False,"","ui/icon/025000/025919.tex","任务道具",1,1,,3,"normal/item_start",0
2001086,"长须豹的幼崽",0,"",0,0,1,0,0,False,"","ui/icon/059000/059452.tex","任务道具",1,1,"魔兽守护之物",0,"normal/item_start",0
2001087,"鞣革制的宝物地图",0,"",0,0,1,0,0,False,"","ui/icon/026000/026151.tex","任务道具",1,2,,0,"normal/item_start",0
2001088,"山羊革制的宝物地图",0,"",0,0,1,0,0,False,"","ui/icon/026000/026151.tex","任务道具",1,2,,0,"normal/item_start",0
2001089,"巨蟾蜍革制的宝物地图",0,"",0,0,1,0,0,False,"","ui/icon/026000/026151.tex","任务道具",1,2,,0,"normal/item_start",0
2001090,"野猪革制的宝物地图",0,"",0,0,1,0,0,False,"","ui/icon/026000/026151.tex","任务道具",1,2,,0,"normal/item_start",0
2001091,"毒蜥蜴革制的宝物地图",0,"",0,0,1,0,0,False,"","ui/icon/026000/026151.tex","任务道具",1,2,,0,"normal/item_start",0
2001093,"超高纯度土之水晶",0,"",0,0,1,0,0,False,"","ui/icon/020000/020012.tex","任务道具",1,1,"古代亚拉戈文明的遗产",3,"normal/item_start",0
2001094,"超高纯度水之水晶",0,"",0,0,1,0,0,False,"","ui/icon/020000/020008.tex","任务道具",1,1,"古代亚拉戈文明的遗产",3,"normal/item_start",0
2001095,"超高纯度火之水晶",0,"",0,0,1,0,0,False,"","ui/icon/020000/020007.tex","任务道具",1,1,"古代亚拉戈文明的遗产",3,"normal/item_start",0
2001096,"超高纯度风之水晶",0,"",0,0,1,0,0,False,"","ui/icon/020000/020010.tex","任务道具",1,1,"古代亚拉戈文明的遗产",3,"normal/item_start",0
2001097,"烈火灵砂",0,"",0,0,1,0,0,False,"","ui/icon/021000/021456.tex","任务道具",1,1,"灵砂与未来的创造者",3,"normal/item_start",0
2001098,"沃土灵砂",0,"",0,0,1,0,0,False,"","ui/icon/021000/021458.tex","任务道具",1,1,"灵砂与未来的创造者",3,"normal/item_start",0
2001099,"灵砂的货款",0,"",0,0,1,0,0,False,"","ui/icon/026000/026001.tex","任务道具",1,1,"灵砂与未来的创造者",3,"normal/item_start",0
2001100,"薰风灵砂",0,"",0,0,1,0,0,False,"","ui/icon/021000/021459.tex","任务道具",1,1,"灵砂与过去的记录者",3,"normal/item_start",0
2001101,"清水灵砂",0,"",0,0,1,0,0,False,"","ui/icon/021000/021457.tex","任务道具",1,1,"灵砂与过去的记录者",3,"normal/item_start",0
2001102,"席兹的胆汁",0,"",0,0,1,0,0,False,"","ui/icon/020000/020681.tex","任务道具",1,1,"恋人节的礼物",3,"normal/item_start",0
2001103,"鬼鮟鱇肝",0,"",0,0,1,0,0,False,"","ui/icon/029000/029002.tex","任务道具",1,1,"恋人节的礼物",3,"normal/item_start",0
2001104,"魔界花的胃液",0,"",0,0,1,0,0,False,"","ui/icon/020000/020684.tex","任务道具",1,1,"恋人节的礼物",3,"normal/item_start",0
2001105,"僵尸的腐肉",0,"",0,0,1,0,0,False,"","ui/icon/025000/025151.tex","任务道具",1,1,"恋人节的礼物",3,"normal/item_start",0
2001106,"软糊怪刺身",0,"",0,0,1,0,0,False,"","ui/icon/025000/025156.tex","任务道具",1,1,"恋人节的礼物",3,"normal/item_start",0
2001107,"违禁的梦想花",0,"",0,0,1,0,0,False,"","ui/icon/021000/021651.tex","任务道具",1,1,"恋人节的礼物",3,"normal/item_start",0
2001108,"奈莫的巧克力",0,"",0,0,1,0,0,False,"","ui/icon/026000/026107.tex","任务道具",1,1,"恋人节的等待",3,"normal/item_start",0
2001109,"散发香味的小盒子",0,"",0,0,1,0,0,False,"","ui/icon/026000/026107.tex","任务道具",1,1,"恋人节的决斗",3,"normal/item_start",0
2001110,"赫·纳恩萨的小包裹",0,"",0,0,1,0,0,False,"","ui/icon/025000/025919.tex","任务道具",1,1,"天才美容师的过激绝技",0,"normal/item_start",0
2001111,"贝亚坦的小包裹",0,"",0,0,1,0,0,False,"","ui/icon/025000/025919.tex","任务道具",1,1,"天才美容师的过激绝技",0,"normal/item_start",0
2001112,"塞文利安的小包裹",0,"",0,0,1,0,0,False,"","ui/icon/025000/025919.tex","任务道具",1,1,"天才美容师的过激绝技",0,"normal/item_start",0
2001113,"火元精核心",0,"",0,0,1,0,0,False,"","ui/icon/021000/021261.tex","任务道具",2,1,"收集占卜凶吉之物",0,"normal/item_start",0
2001114,"精铁龟的甲壳",0,"",0,0,1,0,0,False,"","ui/icon/022000/022261.tex","任务道具",1,1,"收集占卜凶吉之物",0,"normal/item_start",0
2001115,"蜥蜴人族的祭具",0,"",0,0,1,0,0,False,"","ui/icon/021000/021003.tex","任务道具",2,1,"强夺邪恶的祭器",0,"normal/item_start",0
2001116,"蜥蜴人族的供品",0,"",0,0,1,0,0,False,"","ui/icon/025000/025919.tex","任务道具",2,1,"强夺邪恶的祭器",0,"normal/item_start",0
2001117,"森林特产蔬菜",0,"",0,0,1,0,0,False,"","ui/icon/025000/025207.tex","任务道具",8,1,"“美妙”的礼物",3,"normal/item_start",0
2001118,"魔界花的胆汁",0,"",0,0,1,0,0,False,"","ui/icon/020000/020667.tex","任务道具",1,1,"臭气熏天的恶作剧",0,"normal/item_start",0
2001119,"树精的腐果",0,"",0,0,1,0,0,False,"","ui/icon/025000/025304.tex","任务道具",1,1,"臭气熏天的恶作剧",0,"normal/item_start",0
2001120,"席兹的毒液",0,"",0,0,1,0,0,False,"","ui/icon/020000/020668.tex","任务道具",2,1,"臭气熏天的恶作剧",0,"normal/item_start",0
2001121,"梦蟾蜍油",0,"",0,0,1,0,0,False,"","ui/icon/022000/022636.tex","任务道具",4,1,"梦幻佐料",0,"normal/item_start",0
2001122,"优等乳根",0,"",0,0,1,0,0,False,"","ui/icon/025000/025005.tex","任务道具",6,1,"刚采集的新鲜乳根",0,"normal/item_start",0
2001123,"火神图腾",0,"",0,0,1,0,0,False,"","ui/icon/021000/021002.tex","任务道具",2,1,"破坏火神像",0,"normal/item_start",0
2001124,"遗留的手册",0,"形見の手帳",0,0,1,0,0,False,"","ui/icon/026000/026002.tex","任务道具",1,1,"前往石之家",3,"normal/item_start",0
2001125,"奇怪的纸片",0,"",0,0,1,0,0,False,"","ui/icon/026000/026151.tex","任务道具",1,1,"神秘的调查员",3,"normal/item_start",0
2001126,"超炸裂炸弹",0,"",0,0,1,0,0,False,"","ui/icon/026000/026015.tex","任务道具",1,1,"苦恋的悲哀",3,"normal/item_start",0
2001127,"泥泞的瓶子",0,"",0,0,1,0,0,False,"","ui/icon/025000/025057.tex","任务道具",1,1,"锁孔中的光",3,"normal/item_start",0
2001128,"泥泞的石子",0,"",0,0,1,0,0,False,"","ui/icon/021000/021451.tex","任务道具",1,1,"锁孔中的光",3,"normal/item_start",0
2001129,"没有底的壶",0,"",0,0,1,0,0,False,"","ui/icon/022000/022603.tex","任务道具",1,1,"锁孔中的光",3,"normal/item_start",0
2001130,"装零钱的袋子",0,"",0,0,1,0,0,False,"","ui/icon/025000/025919.tex","任务道具",1,1,"浪漫的寻宝猎人",0,"normal/item_start",0
2001131,"美丽的胡萝卜",0,"",0,0,1,0,0,False,"","ui/icon/025000/025207.tex","任务道具",1,1,"降神节的骏马",3,"normal/item_start",0
2001132,"敏捷的胡萝卜",0,"",0,0,1,0,0,False,"","ui/icon/025000/025207.tex","任务道具",1,1,"降神节的奔马",3,"normal/item_start",0
2001133,"新鲜的胡萝卜",0,"",0,0,1,0,0,False,"","ui/icon/025000/025207.tex","任务道具",5,1,"降神节的汗马",3,"normal/item_start",0
2001134,"巨大的胡萝卜",0,"",0,0,1,0,0,False,"","ui/icon/025000/025207.tex","任务道具",1,1,"降神节的汗马",3,"normal/item_start",0
2001135,"怪力的胡萝卜",0,"",0,0,1,0,0,False,"","ui/icon/025000/025207.tex","任务道具",1,1,"降神节的汗马",3,"normal/item_start",0
2001136,"铁笼的钥匙",0,"",0,0,1,0,0,False,"","ui/icon/025000/025904.tex","任务道具",4,1,"反叛之火",4,"normal/item_start",0
2001137,"铁笼的钥匙",0,"",0,0,1,0,0,False,"","ui/icon/025000/025904.tex","任务道具",1,1,"至强之路",1,"normal/item_start",0
2001138,"清澈的药水",0,"",0,0,1,0,0,False,"","ui/icon/020000/020601.tex","任务道具",4,1,"收集澄净的药液",0,"normal/item_start",0
2001139,"风神的祭器",0,"",0,0,1,0,0,False,"","ui/icon/025000/025919.tex","任务道具",1,1,"登峰造极的风神迦楼罗",0,"normal/item_start",0
2001140,"土神的祭器",0,"",0,0,1,0,0,False,"","ui/icon/025000/025919.tex","任务道具",1,1,"登峰造极的土神泰坦",0,"normal/item_start",0
2001141,"火神的祭器",0,"",0,0,1,0,0,False,"","ui/icon/025000/025919.tex","任务道具",1,1,"登峰造极的火神伊弗利特",0,"normal/item_start",0
2001142,"风神的祭器",0,"",0,0,1,0,0,False,"","ui/icon/025000/025919.tex","任务道具",1,1,"对抗蛮神之力",0,"normal/item_start",0
2001143,"土神的祭器",0,"",0,0,1,0,0,False,"","ui/icon/025000/025919.tex","任务道具",1,1,"对抗蛮神之力",0,"normal/item_start",0
2001144,"火神的祭器",0,"",0,0,1,0,0,False,"","ui/icon/025000/025919.tex","任务道具",1,1,"对抗蛮神之力",0,"normal/item_start",0
2001145,"风神的祭器",0,"",0,0,1,0,0,False,"","ui/icon/025000/025919.tex","任务道具",1,1,"登峰造极的蛮神",0,"normal/item_start",0
2001146,"土神的祭器",0,"",0,0,1,0,0,False,"","ui/icon/025000/025919.tex","任务道具",1,1,"登峰造极的蛮神",0,"normal/item_start",0
2001147,"火神的祭器",0,"",0,0,1,0,0,False,"","ui/icon/025000/025919.tex","任务道具",1,1,"登峰造极的蛮神",0,"normal/item_start",0
2001148,"铁笼的钥匙",0,"",0,0,1,0,0,False,"","ui/icon/025000/025904.tex","任务道具",3,1,"解救被囚的猫魅族",3,"normal/item_start",0
2001149,"坏掉的药瓶",0,"",0,0,1,0,0,False,"","ui/icon/025000/025453.tex","任务道具",1,1,"浪漫的寻宝猎人",0,"normal/item_start",0
2001150,"蝾螈油",0,"",0,0,1,0,0,False,"","ui/icon/020000/020645.tex","任务道具",1,1,"锁孔中的光",3,"normal/item_start",0
2001151,"圣火精炼过的武具",0,"",0,0,1,0,0,False,"","ui/icon/031000/031817.tex","任务道具",4,1,"强夺圣火炼制的武器",3,"normal/item_start",0
2001152,"圣火精炼过的武具",0,"",0,0,1,0,0,False,"","ui/icon/031000/031817.tex","任务道具",5,1,"夺取炼制的武器",3,"normal/item_start",0
2001153,"识破鳞粉珠",0,"",0,0,1,0,0,False,"","ui/icon/026000/026015.tex","投掷",3,1,"揭穿可疑的家伙们",3,"normal/item_start",4
2001154,"识别鳞粉珠",0,"",0,0,1,0,0,False,"","ui/icon/026000/026015.tex","投掷",3,1,"妖精领的宝物会猎人",3,"normal/item_start",4
2001155,"看穿鳞粉珠",0,"",0,0,1,0,0,False,"","ui/icon/026000/026015.tex","投掷",3,1,"谣言与诡计",3,"normal/item_start",4
2001156,"白百合钥匙",0,"",0,0,1,0,0,False,"","ui/icon/025000/025902.tex","任务道具",99,1,,0,"normal/item_start",0
2001157,"红蔷薇钥匙",0,"",0,0,1,0,0,False,"","ui/icon/025000/025903.tex","任务道具",99,1,,0,"normal/item_start",0
2001158,"桃树苗",0,"",0,0,1,0,0,False,"","ui/icon/022000/022633.tex","任务道具",3,1,"桃叶浓密的女儿节",0,"normal/item_start",0
2001159,"桃花似锦",0,"",0,0,1,0,0,False,"","ui/icon/022000/022640.tex","任务道具",3,1,"桃花飞舞的女儿节",0,"normal/item_start",0
2001160,"桃花瓣",0,"",0,0,1,0,0,False,"","ui/icon/021000/021294.tex","任务道具",3,1,"穿越时空的女儿节",0,"normal/item_start",0
2001161,"水晶商人的小箱子",0,"",0,0,1,0,0,False,"","ui/icon/021000/021003.tex","任务道具",3,1,"夺回被抢走的水晶",3,"normal/item_start",0
2001162,"水晶商人的大箱子",0,"",0,0,1,0,0,False,"","ui/icon/021000/021003.tex","任务道具",1,1,"夺回被抢走的水晶",3,"normal/item_start",0
2001163,"装有恶鬼南瓜的袋子",0,"",0,0,1,0,0,False,"","ui/icon/025000/025919.tex","任务道具",5,1,"心爱的南瓜",0,"normal/item_start",0
2001164,"灭火灰",0,"",0,0,1,0,0,False,"","ui/icon/025000/025919.tex","任务道具",5,1,"扑灭邪恶的篝火",3,"normal/item_start",0
2001165,"可爱的人偶",0,"",0,0,1,0,0,False,"","ui/icon/022000/022630.tex","任务道具",1,1,"黑色恶魔",3,"normal/item_start",0
2001166,"巨像兵的碎片",0,"",0,0,1,0,0,False,"","ui/icon/021000/021202.tex","任务道具",1,1,"未知的巨像",3,"normal/item_start",0
2001167,"褐色的药水",0,"",0,0,1,0,0,False,"","ui/icon/022000/022643.tex","任务道具",3,1,"粘糊糊的陷阱",3,"normal/item_start",0
2001168,"哨兵的果实",0,"",0,0,1,0,0,False,"","ui/icon/025000/025304.tex","任务道具",3,1,"可怜的妖精领哨兵",3,"normal/item_start",0
2001169,"森林深处的清水",0,"",0,0,1,0,0,False,"","ui/icon/022000/022614.tex","任务道具",3,1,"可怜的妖精领哨兵",3,"normal/item_start",0
2001170,"铁笼的钥匙",0,"",0,0,1,0,0,False,"","ui/icon/025000/025904.tex","任务道具",3,1,"解救战俘",3,"normal/item_start",0
2001171,"铁笼的钥匙",0,"",0,0,1,0,0,False,"","ui/icon/025000/025904.tex","任务道具",3,1,"解救被囚的平民",3,"normal/item_start",0
2001172,"猎人的猎具",0,"",0,0,1,0,0,False,"","ui/icon/021000/021002.tex","任务道具",3,1,"寻回被夺走的荣誉",0,"normal/item_start",0
2001173,"猎人的长枪",0,"",0,0,1,0,0,False,"","ui/icon/031000/031825.tex","任务道具",1,1,"寻回被夺走的荣誉",0,"normal/item_start",0
2001174,"猎人的弓箭",0,"",0,0,1,0,0,False,"","ui/icon/032000/032208.tex","任务道具",1,1,"寻回被夺走的荣誉",0,"normal/item_start",0
2001175,"啪啪鳞粉炸弹",0,"",0,0,1,0,0,False,"","ui/icon/026000/026015.tex","",3,1,"天雷滚滚蘑菇疯长",3,"normal/item_start",3
2001176,"冰冷的清水",0,"",0,0,1,0,0,False,"","ui/icon/020000/020662.tex","任务道具",1,1,"天雷滚滚蘑菇疯长",3,"normal/item_start",0
2001177,"魔法祭具",0,"",0,0,1,0,0,False,"","ui/icon/021000/021002.tex","任务道具",2,1,"神奇的咒文",3,"normal/item_start",0
2001178,"树苗的树汁",0,"",0,0,1,0,0,False,"","ui/icon/025000/025453.tex","任务道具",3,1,"恐怖的大嘴草",3,"normal/item_start",0
2001179,"魔界花的胆汁球",0,"",0,0,1,0,0,False,"","ui/icon/025000/025453.tex","投掷",4,1,"赶走帝国兵",3,"normal/item_start",4
2001180,"冰冷的清水",0,"",0,0,1,0,0,False,"","ui/icon/020000/020662.tex","任务道具",4,1,"净化毒蘑菇",3,"normal/item_start",0
2001181,"冰冷的清水",0,"",0,0,1,0,0,False,"","ui/icon/020000/020662.tex","",3,1,"乳根再好也要适量",0,"normal/item_start",0
2001182,"森林深处的清水",0,"",0,0,1,0,0,False,"","ui/icon/020000/020662.tex","任务道具",3,1,"月芽的甘露",3,"normal/item_start",0
2001183,"魔界花的胃液",0,"",0,0,1,0,0,False,"","ui/icon/025000/025453.tex","任务道具",2,1,"提防奶雾",3,"normal/item_start",0
2001184,"月光草",0,"",0,0,1,0,0,False,"","ui/icon/025000/025002.tex","任务道具",1,1,"恢复森林里的清新空气",3,"normal/item_start",0
2001185,"妖精的种子",0,"",0,0,1,0,0,False,"","ui/icon/026000/026015.tex","任务道具",1,1,,0,"normal/item_start",0
2001186,"成熟的摇篮",0,"",0,0,1,0,0,False,"","ui/icon/026000/026015.tex","任务道具",1,1,,0,"normal/item_start",0
2001187,"软软粉末炸弹",0,"",0,0,1,0,0,False,"","ui/icon/026000/026015.tex","投掷",3,1,"莫奇希亚的得意恶作剧",3,"normal/item_start",4
2001188,"咳咳鳞粉炸弹",0,"",0,0,1,0,0,False,"","ui/icon/026000/026015.tex","任务道具",1,1,,0,"normal/item_start",0
2001189,"小钥匙",0,"",0,0,1,0,0,False,"","ui/icon/025000/025904.tex","任务道具",99,1,,0,"normal/item_start",0
2001190,"灭火灰",0,"",0,0,1,0,0,False,"","ui/icon/025000/025919.tex","任务道具",4,1,"扑灭火神的圣火",3,"normal/item_start",0
2001191,"镇魂的骨灰",0,"",0,0,1,0,0,False,"","ui/icon/025000/025919.tex","",3,1,"净化受邪火所侵之人",3,"normal/item_start",0
2001192,"克蜥草的草汁",0,"",0,0,1,0,0,False,"","ui/icon/022000/022636.tex","",1,1,"培育火蛟坐骑",3,"normal/item_start",0
2001193,"沉重的水瓶",0,"",0,0,1,0,0,False,"","ui/icon/020000/020681.tex","",3,1,"让失败者受辱",3,"normal/item_start",0
2001194,"武具战利品",0,"",0,0,1,0,0,False,"","ui/icon/026000/026108.tex","任务道具",5,1,"辱敌壮己",3,"normal/item_start",0
2001195,"火蛟的火炎袋",0,"",0,0,1,0,0,False,"","ui/icon/025000/025919.tex","任务道具",3,1,"培育火蛟坐骑",3,"normal/item_start",0
2001196,"沉重的水瓶",0,"",0,0,1,0,0,False,"","ui/icon/020000/020681.tex","",3,1,"羞辱软弱的新兵",3,"normal/item_start",0
2001197,"",0,"",0,0,1,0,0,False,"","ui/icon/025000/025919.tex","",1,1,,3,"normal/item_start",0
2001198,"",0,"",0,0,1,0,0,False,"","ui/icon/022000/022636.tex","",1,1,,3,"normal/item_start",0
2001199,"",0,"",0,0,1,0,0,False,"","ui/icon/020000/020681.tex","",1,1,,3,"normal/item_start",0
2001200,"优质的绿金矿",0,"",0,0,1,0,0,False,"","ui/icon/021000/021002.tex","",3,1,"夺人所得、好生快活",3,"normal/item_start",0
2001201,"爆弹怪的核心",0,"",0,0,1,0,0,False,"","ui/icon/021000/021261.tex","",3,1,"爆弹怪的爆发",3,"normal/item_start",0
2001202,"给弗里德乌里希的委托书",0,"",0,0,1,0,0,False,"","ui/icon/025000/025918.tex","任务道具",1,1,"异邦的来访者",3,"normal/item_start",0
2001203,"给卡瑟琳的委托书",0,"",0,0,1,0,0,False,"","ui/icon/025000/025918.tex","任务道具",1,1,"异邦的来访者",3,"normal/item_start",0
2001204,"被夺走的货物",0,"",0,0,1,0,0,False,"","ui/icon/021000/021003.tex","任务道具",3,1,"安身之处",3,"normal/item_start",0
2001205,"被夺走的婚戒",0,"",0,0,1,0,0,False,"","ui/icon/054000/054403.tex","任务道具",1,1,"安身之处",3,"normal/item_start",0
2001206,"破旧的木箱",0,"",0,0,1,0,0,False,"","ui/icon/021000/021003.tex","任务道具",1,1,"多玛之民",3,"normal/item_start",0
2001207,"涂黑的金属片",0,"",0,0,1,0,0,False,"","ui/icon/025000/025919.tex","任务道具",4,1,"多玛之民",3,"normal/item_start",0
2001208,"桃香香水",0,"",0,0,1,0,0,False,"","ui/icon/020000/020625.tex","任务道具",1,1,"陆行鸟的臭味",3,"normal/item_start",0
2001209,"散发桃香的围巾",0,"",0,0,1,0,0,False,"","ui/icon/041000/041593.tex","任务道具",1,1,"陆行鸟的臭味",3,"normal/item_start",0
2001210,"洛马尼的红酒",0,"",0,0,1,0,0,False,"","ui/icon/025000/025057.tex","任务道具",2,1,"热心的芙·拉敏和阿莉丝",3,"normal/item_start",0
2001211,"阿莉丝的特制菜肴",0,"",0,0,1,0,0,False,"","ui/icon/024000/024108.tex","任务道具",3,1,"热心的芙·拉敏和阿莉丝",3,"normal/item_start",0
2001212,"腐烂的水蜥肉",0,"",0,0,1,0,0,False,"","ui/icon/029000/029002.tex","任务道具",6,1,"鱼人族的图谋",3,"normal/item_start",0
2001213,"军用炸弹",0,"",0,0,1,0,0,False,"","ui/icon/026000/026015.tex","",5,1,"产卵地事变",3,"normal/item_start",3
2001214,"黑涡团军用药",0,"",0,0,1,0,0,False,"","ui/icon/020000/020603.tex","任务道具",1,1,"逝于海中的生命",3,"normal/item_start",0
2001215,"士兵的遗体",0,"",0,0,1,0,0,False,"","ui/icon/026000/026024.tex","任务道具",2,1,"逝于海中的生命",3,"normal/item_start",0
2001216,"梅尔维布的密封信",0,"",0,0,1,0,0,False,"","ui/icon/025000/025918.tex","任务道具",1,1,"海都的地下组织",3,"normal/item_start",0
2001217,"巨像兵的魂石",0,"",0,0,1,0,0,False,"","ui/icon/020000/020006.tex","",1,1,"炸弹狂的需求",3,"normal/item_start",0
2001218,"矿妖虫的硬壳",0,"",0,0,1,0,0,False,"","ui/icon/020000/020018.tex","",1,1,"炸弹狂的需求",3,"normal/item_start",0
2001219,"阿尔基克薰衣草",0,"",0,0,1,0,0,False,"","ui/icon/025000/025002.tex","任务道具",1,1,"最初的预告函",3,"normal/item_start",0
2001220,"壶的碎片",0,"",0,0,1,0,0,False,"","ui/icon/021000/021455.tex","任务道具",4,1,"最初的预告函",3,"normal/item_start",0
2001221,"修复的壶",0,"",0,0,1,0,0,False,"","ui/icon/021000/021002.tex","任务道具",1,1,"危险的雕金匠",3,"normal/item_start",0
2001222,"小型碎岩炸弹",0,"",0,0,1,0,0,False,"","ui/icon/026000/026015.tex","任务道具",1,1,"引爆支配岩",1,"normal/item_start",0
2001223,"星光变石地图",0,"",0,0,1,0,0,False,"","ui/icon/026000/026151.tex","任务道具",1,2,,0,"normal/item_start",0
2001226,"冒烟的火种",0,"",0,0,1,0,0,False,"","ui/icon/025000/025911.tex","任务道具",1,1,"将懒惰进行到底",3,"normal/item_start",0
2001227,"火热榴弹怪的手臂",0,"",0,0,1,0,0,False,"","ui/icon/030000/030351.tex","任务道具",1,1,"将懒惰进行到底",3,"normal/item_start",0
2001228,"红热的爆弹怪的手臂",0,"",0,0,1,0,0,False,"","ui/icon/030000/030351.tex","任务道具",1,1,,3,"normal/item_start",0
2001229,"矿妖虫的软壳",0,"",0,0,1,0,0,False,"","ui/icon/020000/020006.tex","任务道具",3,1,"吃饭的家伙",3,"normal/item_start",0
2001230,"爆音摔炮",0,"",0,0,1,0,0,False,"","ui/icon/026000/026015.tex","任务道具",3,1,"吃饭的家伙",3,"normal/item_start",0
2001231,"发光的爆弹怪的手臂",0,"",0,0,1,0,0,False,"","ui/icon/030000/030351.tex","任务道具",1,1,"对培育炉说再见",3,"normal/item_start",0
2001232,"歪曲的锄头",0,"",0,0,1,0,0,False,"","ui/icon/038000/038003.tex","",1,1,"人造硝石的盗贼",0,"normal/item_start",0
2001233,"铁矿渣",0,"",0,0,1,0,0,False,"","ui/icon/021000/021451.tex","",4,1,"反抗之火？",0,"normal/item_start",0
2001234,"智能爆弹怪",0,"",0,0,1,0,0,False,"","ui/icon/059000/059403.tex","任务道具",1,1,"挫败佐加的野心",3,"normal/item_start",0
2001235,"改良设计图",0,"",0,0,1,0,0,False,"","ui/icon/026000/026151.tex","",1,1,"矿山之花",0,"normal/item_start",0
2001236,"给基古的信",0,"",0,0,1,0,0,False,"","ui/icon/025000/025918.tex","",1,1,"矿山之花",0,"normal/item_start",0
2001237,"吸附爆弹怪",0,"",0,0,1,0,0,False,"","ui/icon/059000/059403.tex","任务道具",6,1,"废物的挽歌",3,"normal/item_start",0
2001238,"维斯卡德的皮袋",0,"",0,0,1,0,0,False,"","ui/icon/025000/025919.tex","任务道具",1,1,"身着幻影的男人",0,"normal/item_start",0
2001239,"维斯卡德的信",0,"",0,0,1,0,0,False,"","ui/icon/025000/025918.tex","任务道具",1,1,"出售幻影的男人",0,"normal/item_start",0
2001240,"大号麻袋",0,"",0,0,1,0,0,False,"","ui/icon/022000/022628.tex","任务道具",1,1,"开花结果终有时",0,"normal/item_start",0
2001241,"小号麻袋",0,"",0,0,1,0,0,False,"","ui/icon/025000/025919.tex","任务道具",1,1,"开花结果终有时",0,"normal/item_start",0
2001242,"纳纳拉伊的货款",0,"",0,0,1,0,0,False,"","ui/icon/025000/025919.tex","任务道具",1,1,"开花结果终有时",0,"normal/item_start",0
2001243,"珍藏的包裹",0,"",0,0,1,0,0,False,"","ui/icon/023000/023001.tex","任务道具",3,1,"潜入炼金工房",0,"normal/item_start",0
2001244,"废弃的爆弹怪的手臂",0,"",0,0,1,0,0,False,"","ui/icon/030000/030351.tex","任务道具",1,1,"新造炼金炉的热失控",3,"normal/item_start",0
2001245,"榴霰弹怪的核心",0,"",0,0,1,0,0,False,"","ui/icon/021000/021262.tex","任务道具",1,1,"新造炼金炉的热失控",3,"normal/item_start",0
2001246,"硫磺结晶",0,"",0,0,1,0,0,False,"","ui/icon/025000/025919.tex","任务道具",5,1,"爆弹怪所喜之物",0,"normal/item_start",0
2001247,"铁矿渣",0,"",0,0,1,0,0,False,"","ui/icon/021000/021202.tex","",3,1,"好逸恶劳、饭来张口",0,"normal/item_start",0
2001248,"腐坏的蔬菜",0,"",0,0,1,0,0,False,"","ui/icon/025000/025212.tex","",1,1,"好逸恶劳、饭来张口",0,"normal/item_start",0
2001249,"木制玩具",0,"",0,0,1,0,0,False,"","ui/icon/022000/022633.tex","任务道具",3,1,"为谁而舞",0,"normal/item_start",0
2001250,"多多赞恩的货款",0,"",0,0,1,0,0,False,"","ui/icon/026000/026001.tex","任务道具",1,1,"快乐的律动之舞",0,"normal/item_start",0
2001251,"名门洞穴团的午餐",0,"",0,0,1,0,0,False,"","ui/icon/022000/022603.tex","",3,1,"四体不勤也需日食三餐",0,"normal/item_start",0
2001252,"脏兮兮的小袋子",0,"",0,0,1,0,0,False,"","ui/icon/025000/025919.tex","",1,1,"月与影",0,"normal/item_start",0
2001253,"烤幼龙",0,"",0,0,1,0,0,False,"","ui/icon/024000/024007.tex","",1,1,"四体不勤也需日食三餐",0,"normal/item_start",0
2001254,"枷锁的钥匙",0,"",0,0,1,0,0,False,"","ui/icon/025000/025904.tex","任务道具",3,1,"海滨的救援行动",3,"normal/item_start",0
2001255,"陶制油壶",0,"",0,0,1,0,0,False,"","ui/icon/022000/022802.tex","",1,1,,0,"normal/item_start",0
2001256,"摔炮",0,"",0,0,1,0,0,False,"","ui/icon/026000/026015.tex","任务道具",1,1,"瞒天过海的摔炮",3,"normal/item_start",0
2001257,"小火种",0,"",0,0,1,0,0,False,"","ui/icon/025000/025911.tex","任务道具",3,1,"摆脱垫底",3,"normal/item_start",0
2001258,"智能爆弹怪",0,"",0,0,1,0,0,False,"","ui/icon/059000/059403.tex","任务道具",1,1,"摆脱垫底",3,"normal/item_start",0
2001259,"智能爆弹怪的核心",0,"",0,0,1,0,0,False,"","ui/icon/021000/021261.tex","",1,1,"摆脱垫底",0,"normal/item_start",0
2001260,"大火种",0,"",0,0,1,0,0,False,"","ui/icon/025000/025911.tex","任务道具",3,1,"令人省心的爆炸声",3,"normal/item_start",0
2001261,"强化型智能爆弹怪",0,"",0,0,1,0,0,False,"","ui/icon/059000/059403.tex","任务道具",1,1,"令人省心的爆炸声",3,"normal/item_start",0
2001262,"强化型智能爆弹怪的核心",0,"",0,0,1,0,0,False,"","ui/icon/021000/021261.tex","",1,1,,0,"normal/item_start",0
2001263,"燧石",0,"",0,0,1,0,0,False,"","ui/icon/021000/021205.tex","任务道具",4,1,"被掠夺的兵器",3,"normal/item_start",0
2001264,"肥厚的水母",0,"",0,0,1,0,0,False,"","ui/icon/029000/029005.tex","任务道具",5,1,"保护孕育生命之地",2,"normal/item_start",0
2001265,"贝壶的塞子",0,"",0,0,1,0,0,False,"","ui/icon/022000/022255.tex","任务道具",4,1,"献给水神的毒雾",3,"normal/item_start",0
2001266,"榴弹怪的拇指",0,"",0,0,1,0,0,False,"","ui/icon/030000/030351.tex","",3,1,"炸弹狂之怒",0,"normal/item_start",0
2001267,"陆鱼的肉",0,"",0,0,1,0,0,False,"","ui/icon/029000/029001.tex","任务道具",2,1,"月影岛巨蟹",3,"normal/item_start",0
2001268,"利螯陆蟹的硬甲壳",0,"",0,0,1,0,0,False,"","ui/icon/029000/029201.tex","任务道具",2,1,"月影岛巨蟹",3,"normal/item_start",0
2001269,"白浪蚌",0,"",0,0,1,0,0,False,"","ui/icon/022000/022253.tex","任务道具",5,1,"孤岛拾贝",3,"normal/item_start",0
2001270,"大块燧石",0,"",0,0,1,0,0,False,"","ui/icon/021000/021205.tex","任务道具",4,1,"海港生火",3,"normal/item_start",0
2001271,"白浊的溶解药",0,"",0,0,1,0,0,False,"","ui/icon/020000/020669.tex","",1,1,"海边的军用兽",3,"normal/item_start",0
2001272,"顶级尾肉",0,"",0,0,1,0,0,False,"","ui/icon/029000/029002.tex","任务道具",1,1,"腌制的佳肴",3,"normal/item_start",0
2001273,"小块燧石",0,"",0,0,1,0,0,False,"","ui/icon/021000/021205.tex","任务道具",2,1,"燃烧的旗帜",5,"normal/item_start",0
2001274,"明亮的火种",0,"",0,0,1,0,0,False,"","ui/icon/025000/025911.tex","任务道具",3,1,"燃弹入火",3,"normal/item_start",0
2001275,"改良型智能爆弹怪",0,"",0,0,1,0,0,False,"","ui/icon/059000/059403.tex","任务道具",1,1,"燃弹入火",3,"normal/item_start",0
2001276,"改良型智能爆弹怪的核心",0,"",0,0,1,0,0,False,"","ui/icon/021000/021261.tex","",1,1,"燃弹入火",0,"normal/item_start",0
2001277,"扇贝的贝柱",0,"",0,0,1,0,0,False,"","ui/icon/025000/025919.tex","任务道具",3,1,"海产妙药",3,"normal/item_start",0
2001278,"晃动的火种",0,"",0,0,1,0,0,False,"","ui/icon/025000/025911.tex","任务道具",3,1,"新型炸弹引爆新型设备",3,"normal/item_start",0
2001279,"新型智能爆弹怪",0,"",0,0,1,0,0,False,"","ui/icon/059000/059403.tex","任务道具",1,1,"新型炸弹引爆新型设备",3,"normal/item_start",0
2001280,"新型智能爆弹怪的核心",0,"",0,0,1,0,0,False,"","ui/icon/021000/021261.tex","",1,1,,0,"normal/item_start",0
2001281,"柔软的尾肉",0,"",0,0,1,0,0,False,"","ui/icon/029000/029001.tex","",1,1,"腌制的佳肴",0,"normal/item_start",0
2001282,"金壶的钥匙",0,"",0,0,1,0,0,False,"","ui/icon/025000/025902.tex","任务道具",1,1,"小蚯蚓赛黄金",3,"normal/item_start",0
2001283,"扭动的物体",0,"",0,0,1,0,0,False,"","ui/icon/027000/027022.tex","任务道具",1,1,"小蚯蚓赛黄金",3,"normal/item_start",0
2001284,"吸附爆弹怪的核心",0,"",0,0,1,0,0,False,"","ui/icon/021000/021261.tex","任务道具",1,1,"一不炸二不休",3,"normal/item_start",0
2001285,"强化型吸附爆弹怪的核心",0,"",0,0,1,0,0,False,"","ui/icon/021000/021261.tex","任务道具",1,1,,3,"normal/item_start",0
2001286,"新型吸附爆弹怪",0,"",0,0,1,0,0,False,"",,"",1,1,,0,"normal/item_start",0
2001287,"新型吸附爆弹怪的核心",0,"",0,0,1,0,0,False,"","ui/icon/021000/021261.tex","任务道具",2,1,"底层阶级的暴动",3,"normal/item_start",0
2001288,"黑涡团军用药",0,"",0,0,1,0,0,False,"","ui/icon/020000/020601.tex","任务道具",2,1,"来自深海",3,"normal/item_start",0
2001289,"银鲨牙首饰",0,"",0,0,1,0,0,False,"","ui/icon/055000/055233.tex","",1,1,"来自深海",0,"normal/item_start",0
2001290,"诺布之印",0,"",0,0,1,0,0,False,"","ui/icon/022000/022254.tex","",1,1,"以父之名向海神宣誓",0,"normal/item_start",0
2001291,"商船的货物",0,"",0,0,1,0,0,False,"","ui/icon/021000/021003.tex","任务道具",3,1,"置于商船的货物",0,"normal/item_start",0
2001292,"合手的燧石",0,"",0,0,1,0,0,False,"","ui/icon/021000/021205.tex","任务道具",1,1,"海盗船上的死斗",3,"normal/item_start",0
2001293,"顶级拉诺西亚香橙",0,"",0,0,1,0,0,False,"","ui/icon/025000/025919.tex","",1,1,"海魔乘潮归来",0,"normal/item_start",0
2001294,"绑架要人计划书",0,"",0,0,1,0,0,False,"","ui/icon/026000/026151.tex","",1,1,"跨越仇恨的洪流",0,"normal/item_start",0
2001295,"结实的枷锁的钥匙",0,"",0,0,1,0,0,False,"","ui/icon/025000/025904.tex","任务道具",1,1,"跨越仇恨的洪流",3,"normal/item_start",0
2001296,"海鸥的羽毛",0,"",0,0,1,0,0,False,"","ui/icon/021000/021905.tex","",1,1,"跨越仇恨的洪流",0,"normal/item_start",0
2001297,"写满内容的笔记",0,"",0,0,1,0,0,False,"","ui/icon/026000/026002.tex","",1,1,"遗失的挑战笔记",0,"normal/item_start",0
2001298,"«火天文书»第一卷",0,"",0,0,1,0,0,False,"","ui/icon/025000/025932.tex","任务道具",1,3,,0,"normal/item_start",0
2001299,"«火天文书»第二卷",0,"",0,0,1,0,0,False,"","ui/icon/025000/025932.tex","任务道具",1,3,,0,"normal/item_start",0
2001300,"«火狱文书»第一卷",0,"",0,0,1,0,0,False,"","ui/icon/025000/025932.tex","任务道具",1,3,,0,"normal/item_start",0
2001301,"«水天文书»第一卷",0,"",0,0,1,0,0,False,"","ui/icon/025000/025932.tex","任务道具",1,3,,0,"normal/item_start",0
2001302,"«水天文书»第二卷",0,"",0,0,1,0,0,False,"","ui/icon/025000/025932.tex","任务道具",1,3,,0,"normal/item_start",0
2001303,"«水狱文书»第一卷",0,"",0,0,1,0,0,False,"","ui/icon/025000/025932.tex","任务道具",1,3,,0,"normal/item_start",0
2001304,"«风天文书»第一卷",0,"",0,0,1,0,0,False,"","ui/icon/025000/025932.tex","任务道具",1,3,,0,"normal/item_start",0
2001305,"«风天文书»第二卷",0,"",0,0,1,0,0,False,"","ui/icon/025000/025932.tex","任务道具",1,3,,0,"normal/item_start",0
2001306,"«土天文书»第一卷",0,"",0,0,1,0,0,False,"","ui/icon/025000/025932.tex","任务道具",1,3,,0,"normal/item_start",0
2001307,"«瓦因博德游记»",0,"",0,0,1,0,0,False,"","ui/icon/026000/026002.tex","任务道具",1,1,"瓦因博德的谜题",3,"normal/item_start",0
2001308,"香葡萄酒",0,"",0,0,1,0,0,False,"","ui/icon/025000/025057.tex","任务道具",1,1,"静与动",0,"normal/item_start",0
2001310,"无浊的清水",0,"",0,0,1,0,0,False,"","ui/icon/022000/022614.tex","任务道具",3,1,"妖精领进攻战",3,"normal/item_start",0
2001311,"嗞嗞鳞粉炸弹",0,"",0,0,1,0,0,False,"","ui/icon/022000/022623.tex","任务道具",1,1,"妖精领进攻战",3,"normal/item_start",0
2001312,"看透鳞粉珠",0,"",0,0,1,0,0,False,"","ui/icon/026000/026015.tex","投掷",1,1,"贤人的去向",3,"normal/item_start",4
2001313,"看透鳞粉珠",0,"",0,0,1,0,0,False,"","ui/icon/026000/026015.tex","投掷",1,1,"揭穿秘密",3,"normal/item_start",4
2001314,"给塔塔露的货物",0,"",0,0,1,0,0,False,"","ui/icon/021000/021003.tex","任务道具",1,1,"加油塔塔露",3,"normal/item_start",0
2001315,"群青色制服",0,"",0,0,1,0,0,False,"","ui/icon/023000/023154.tex","任务道具",8,1,"艾欧泽亚的守护者",3,"normal/item_start",0
2001316,"给戈斯顿的信",0,"",0,0,1,0,0,False,"","ui/icon/025000/025918.tex","任务道具",1,1,"伸向养育场的魔爪",3,"normal/item_start",0
2001317,"新鲜的拉诺西亚香橙",0,"",0,0,1,0,0,False,"","ui/icon/025000/025312.tex","任务道具",1,1,"伸向养育场的魔爪",3,"normal/item_start",0
2001318,"飞空艇装甲片",0,"",0,0,1,0,0,False,"","ui/icon/020000/020951.tex","任务道具",1,1,"掠过实验场的船影",3,"normal/item_start",0
2001319,"熊熊鳞粉炸弹",0,"",0,0,1,0,0,False,"","ui/icon/026000/026015.tex","任务道具",1,1,"友谊地久天长",3,"normal/item_start",0
2001320,"给利斯弗洛的信",0,"",0,0,1,0,0,False,"","ui/icon/025000/025918.tex","",1,1,"神出鬼没的邮递员",0,"normal/item_start",0
2001321,"给缪恩的信",0,"",0,0,1,0,0,False,"","ui/icon/025000/025918.tex","",1,1,"魔女草的故事",0,"normal/item_start",0
2001322,"魔女草",0,"",0,0,1,0,0,False,"","ui/icon/025000/025008.tex","",4,1,"魔女草的故事",0,"normal/item_start",0
2001323,"给巴德龙的信",0,"",0,0,1,0,0,False,"","ui/icon/025000/025918.tex","",1,1,"反抗期的终焉",0,"normal/item_start",0
2001324,"冰冷的清水",0,"",0,0,1,0,0,False,"","ui/icon/022000/022637.tex","任务道具",1,1,"反抗期的终焉",3,"normal/item_start",0
2001325,"装有礼物的皮袋",0,"",0,0,1,0,0,False,"","ui/icon/025000/025919.tex","",1,1,"反抗期的终焉",0,"normal/item_start",0
2001326,"给莫莫蒂的信",0,"",0,0,1,0,0,False,"","ui/icon/025000/025918.tex","",1,1,"载着梦想的发饰",0,"normal/item_start",0
2001327,"给马尔塞特的小包",0,"",0,0,1,0,0,False,"","ui/icon/023000/023001.tex","",1,1,"鼹鼠的秘密",0,"normal/item_start",0
2001328,"轻燧石",0,"",0,0,1,0,0,False,"","ui/icon/021000/021205.tex","任务道具",1,1,"鼹鼠的秘密",3,"normal/item_start",0
2001329,"一捆杂草",0,"",0,0,1,0,0,False,"","ui/icon/025000/025919.tex","任务道具",1,1,"鼹鼠的秘密",3,"normal/item_start",0
2001330,"幼小的鼹鼠",0,"",0,0,1,0,0,False,"","ui/icon/059000/059440.tex","",1,1,"鼹鼠的秘密",0,"normal/item_start",0
2001331,"给柏蕾雅的小包",0,"",0,0,1,0,0,False,"","ui/icon/023000/023001.tex","",1,1,"失忆的男子",0,"normal/item_start",0
2001332,"给格格鲁玖的信",0,"",0,0,1,0,0,False,"","ui/icon/025000/025918.tex","",1,1,"美男子的传统舞蹈",0,"normal/item_start",0
2001333,"舞蹈教练合同",0,"",0,0,1,0,0,False,"","ui/icon/026000/026151.tex","",1,1,"美男子的传统舞蹈",0,"normal/item_start",0
2001334,"圣温泉水",0,"",0,0,1,0,0,False,"","ui/icon/022000/022637.tex","任务道具",3,1,"美男子的传统舞蹈",3,"normal/item_start",0
2001335,"给胡恩博克特的小包",0,"",0,0,1,0,0,False,"","ui/icon/023000/023001.tex","",1,1,"追逐的背影",0,"normal/item_start",0
2001336,"高级的礼服",0,"",0,0,1,0,0,False,"","ui/icon/042000/042374.tex","任务道具",1,1,"友谊地久天长",3,"normal/item_start",0
2001337,"●対ゴーレムピッケル",0,"",0,0,1,0,0,False,"","ui/icon/038000/038001.tex","任务道具",1,1,,3,"normal/item_start",0
2001338,"主飞艇库的钥匙",0,"",0,0,1,0,0,False,"","ui/icon/025000/025904.tex","任务道具",99,1,,0,"normal/item_start",0
2001339,"49式魔导收束器",0,"",0,0,1,0,0,False,"","ui/icon/021000/021003.tex","任务道具",1,1,"魔导机械之友",0,"normal/item_start",0
2001340,"50式魔导振荡器",0,"",0,0,1,0,0,False,"","ui/icon/021000/021003.tex","任务道具",1,1,"魔导机械之友",0,"normal/item_start",0
2001341,"51式魔导桶",0,"",0,0,1,0,0,False,"","ui/icon/021000/021003.tex","任务道具",1,1,"魔导机械之友",0,"normal/item_start",0
2001343,"被抢走的货物",0,"",0,0,1,0,0,False,"","ui/icon/025000/025919.tex","任务道具",1,1,"事出有因",3,"normal/item_start",0
2001344,"朴实的服装",0,"",0,0,1,0,0,False,"","ui/icon/042000/042140.tex","任务道具",1,1,"黄金沙都的婚约",3,"normal/item_start",0
2001345,"靓丽的礼服",0,"",0,0,1,0,0,False,"","ui/icon/042000/042374.tex","任务道具",1,1,"黄金沙都的婚约",3,"normal/item_start",0
2001346,"古旧的笔记",0,"",0,0,1,0,0,False,"","ui/icon/026000/026002.tex","",1,1,"被遗忘的探索笔记",0,"normal/item_start",0
2001347,"秘制爆竹",0,"",0,0,1,0,0,False,"","ui/icon/023000/023001.tex","秘制爆竹",1,1,"危在旦夕",0,"normal/item_start",2
2001348,"秘制爆竹",0,"",0,0,1,0,0,False,"","ui/icon/023000/023001.tex","秘制爆竹",1,1,"夕惕若厉",0,"normal/item_start",2
2001349,"雾须王的金箱",0,"",0,0,1,0,0,False,"","ui/icon/021000/021002.tex","任务道具",1,1,"雾过天晴破舰岛",0,"normal/item_start",0
2001350,"冒险者的遗物",0,"",0,0,1,0,0,False,"","ui/icon/025000/025919.tex","任务道具",1,1,"神秘地图",0,"normal/item_start",0
2001351,"神秘地图",0,"",0,0,1,0,0,False,"","ui/icon/025000/025933.tex","任务道具",1,1,"寻宝猎人的人间惨剧",0,"normal/item_start",0
2001352,"鞣革制的秘宝地图",0,"",0,0,1,0,0,False,"","ui/icon/026000/026151.tex","任务道具",1,2,,0,"normal/item_start",0
2001353,"十二神印戒指",0,"",0,0,1,0,0,False,"","ui/icon/054000/054563.tex","任务道具",1,1,"天长地久",3,"normal/item_start",0
2001354,"装硬币的皮袋",0,"",0,0,1,0,0,False,"","ui/icon/025000/025919.tex","",1,1,"真正的革命者",0,"normal/item_start",0
2001355,"诡异的烛台",0,"",0,0,1,0,0,False,"","ui/icon/053000/053020.tex","",1,1,"守护天节和奇妙的舞会",0,"normal/item_start",0
2001356,"南瓜灯",0,"",0,0,1,0,0,False,"","ui/icon/025000/025990.tex","",1,1,"守护天节和奇妙的舞会",0,"normal/item_start",0
2001359,"新鲜的克拉卡萝卜",0,"",0,0,1,0,0,False,"","ui/icon/025000/025207.tex","任务道具",1,1,"培育陆行鸟的秘诀",0,"normal/item_start",0
2001360,"野菜的残渣",0,"",0,0,1,0,0,False,"","ui/icon/025000/025919.tex","任务道具",5,1,"培育陆行鸟的秘诀",0,"normal/item_start",0
2001361,"怪物通缉令",0,"",0,0,1,0,0,False,"","ui/icon/025000/025937.tex","任务道具",1,4,,0,"normal/item_start",0
2001362,"恶名精英通缉令",0,"",0,0,1,0,0,False,"","ui/icon/025000/025938.tex","任务道具",1,4,,0,"normal/item_start",0
2001363,"装甲气球的部件",0,"",0,0,1,0,0,False,"","ui/icon/026000/026316.tex","任务道具",1,1,"雷雨将至",3,"normal/item_start",0
2001364,"船体元件的材料",0,"",0,0,1,0,0,False,"","ui/icon/026000/026001.tex","",1,1," 迎风而上的空力团",0,"normal/item_start",0
2001365,"引擎元件的材料",0,"",0,0,1,0,0,False,"","ui/icon/026000/026001.tex","",1,1," 招募设计师",0,"normal/item_start",0
2001366,"交易证书",0,"",0,0,1,0,0,False,"","ui/icon/025000/025906.tex","",1,1," 来自格里达尼亚的少年",0,"normal/item_start",0
2001367,"塔塔拉姆的信",0,"",0,0,1,0,0,False,"","ui/icon/025000/025918.tex","",1,1," 来自格里达尼亚的少年",0,"normal/item_start",0
2001368,"旋床的齿轮",0,"",0,0,1,0,0,False,"","ui/icon/026000/026269.tex","",1,1," 不可思议的命运",0,"normal/item_start",0
2001369,"舵盘元件的材料",0,"",0,0,1,0,0,False,"","ui/icon/026000/026001.tex","",1,1," 父亲来临",0,"normal/item_start",0
2001370,"催眠毒酒瓶",0,"",0,0,1,0,0,False,"","ui/icon/025000/025057.tex","任务道具",1,1," 高原雪岭、少年逐梦",3,"normal/item_start",0
2001371,"重要元件的材料",0,"",0,0,1,0,0,False,"","ui/icon/026000/026001.tex","",1,1," 展开双翼、振翅高飞",0,"normal/item_start",0
2001372,"羽饰元件的材料",0,"",0,0,1,0,0,False,"","ui/icon/021000/021907.tex","",1,1," 展开双翼、振翅高飞",0,"normal/item_start",0
2001373,"气囊元件的材料",0,"",0,0,1,0,0,False,"","ui/icon/025000/025919.tex","",1,1," 林场水车的家长里短",0,"normal/item_start",0
2001374,"姆恩·图伊豆",0,"",0,0,1,0,0,False,"","ui/icon/022000/022628.tex","任务道具",1,1," 林场水车的家长里短",3,"normal/item_start",0
2001375,"奥猴的爪子",0,"",0,0,1,0,0,False,"","ui/icon/022000/022301.tex","",1,1," 林场水车的家长里短",0,"normal/item_start",0
2001376,"气囊强化元件的材料",0,"",0,0,1,0,0,False,"","ui/icon/025000/025919.tex","",1,1," 尾羽保卫战",0,"normal/item_start",0
2001377,"达梅塔的盒饭",0,"",0,0,1,0,0,False,"","ui/icon/022000/022640.tex","",1,1," 尾羽保卫战",0,"normal/item_start",0
2001378,"空空的饭盒",0,"",0,0,1,0,0,False,"","ui/icon/022000/022641.tex","",1,1," 尾羽保卫战",0,"normal/item_start",0
2001379,"右舷船体元件的材料",0,"",0,0,1,0,0,False,"","ui/icon/025000/025919.tex","",1,1," 不仁不义",0,"normal/item_start",0
2001380,"左舷船体元件的材料",0,"",0,0,1,0,0,False,"","ui/icon/025000/025919.tex","",1,1," 乘风而起",0,"normal/item_start",0
2001381,"动力轮元件的材料",0,"",0,0,1,0,0,False,"","ui/icon/025000/025919.tex","",1,1," 不仁不义之续",0,"normal/item_start",0
2001382,"索具元件的材料",0,"",0,0,1,0,0,False,"","ui/icon/025000/025919.tex","",1,1," 教训大老鼠",0,"normal/item_start",0
2001383,"甲板元件的材料",0,"",0,0,1,0,0,False,"","ui/icon/025000/025919.tex","",1,1," 武艺双馨",0,"normal/item_start",0
2001384,"软化炼金药",0,"",0,0,1,0,0,False,"","ui/icon/020000/020626.tex","",1,1," 武艺双馨",3,"normal/item_start",0
2001385,"引擎外壳元件的材料",0,"",0,0,1,0,0,False,"","ui/icon/025000/025919.tex","",1,1," 展翅高飞",0,"normal/item_start",0
2001386,"加工工具的材料",0,"",0,0,1,0,0,False,"","ui/icon/025000/025919.tex","",1,1," 工欲善其事，必先利其器",0,"normal/item_start",0
2001387,"右翼元件的材料",0,"",0,0,1,0,0,False,"","ui/icon/025000/025919.tex","",1,1," 天生我才",0,"normal/item_start",0
2001388,"优质的橡树枝",0,"",0,0,1,0,0,False,"","ui/icon/022000/022416.tex","",15,1," 天生我才",0,"normal/item_start",0
2001389,"优质的橡木原木",0,"",0,0,1,0,0,False,"","ui/icon/022000/022401.tex","",5,1," 天生我才",0,"normal/item_start",0
2001390,"左翼元件的材料",0,"",0,0,1,0,0,False,"","ui/icon/025000/025919.tex","",1,1," 等价交换",0,"normal/item_start",0
2001391,"小块花岗岩",0,"",0,0,1,0,0,False,"","ui/icon/021000/021252.tex","",15,1," 等价交换",0,"normal/item_start",0
2001392,"大块花岗岩",0,"",0,0,1,0,0,False,"","ui/icon/021000/021451.tex","",5,1," 等价交换",0,"normal/item_start",0
2001393,"右翼可动元件的材料",0,"",0,0,1,0,0,False,"","ui/icon/025000/025919.tex","",3,1," 人鸟无双传",0,"normal/item_start",0
2001394,"左翼可动元件的材料",0,"",0,0,1,0,0,False,"","ui/icon/025000/025919.tex","",1,1," 不屈之翼",0,"normal/item_start",0
2001395,"变速元件的材料",0,"",0,0,1,0,0,False,"","ui/icon/025000/025919.tex","",3,1," 白色黑猫",0,"normal/item_start",0
2001396,"无头骑士的铠甲片",0,"",0,0,1,0,0,False,"","ui/icon/020000/020954.tex","",3,1," 斩首行动",0,"normal/item_start",0
2001397,"驾驶席外部元件的材料",0,"",0,0,1,0,0,False,"","ui/icon/025000/025919.tex","",1,1," 边境社员的鱼跃龙门计划",0,"normal/item_start",0
2001398,"圣人鲤",0,"",0,0,1,0,0,False,"","ui/icon/029000/029210.tex","",1,1," 边境社员的鱼跃龙门计划",0,"normal/item_start",0
2001399,"驾驶席内部元件的材料",0,"",0,0,1,0,0,False,"","ui/icon/025000/025919.tex","",1,1," 翱翔天际",0,"normal/item_start",0
2001400,"针叶树的木柴",0,"",0,0,1,0,0,False,"","ui/icon/052000/052113.tex","",1,1," 翱翔天际",0,"normal/item_start",0
2001401,"压载物元件的材料",0,"",0,0,1,0,0,False,"","ui/icon/025000/025919.tex","",1,1," 大战野生巨鳄",0,"normal/item_start",0
2001402,"野生巨鳄的硬毛",0,"",0,0,1,0,0,False,"","ui/icon/021000/021827.tex","",1,1," 大战野生巨鳄",0,"normal/item_start",0
2001403,"割毛刀",0,"",0,0,1,0,0,False,"","ui/icon/030000/030363.tex","任务道具",1,1," 大战野生巨鳄",3,"normal/item_start",0
2001404,"仪表元件的材料",0,"",0,0,1,0,0,False,"","ui/icon/025000/025919.tex","",1,1," 笨拙的报恩",0,"normal/item_start",0
2001405,"雷蛟的爪子",0,"",0,0,1,0,0,False,"","ui/icon/022000/022301.tex","",1,1," 笨拙的报恩",0,"normal/item_start",0
2001406,"空气动力元件的材料",0,"",0,0,1,0,0,False,"","ui/icon/025000/025919.tex","",1,1," 质检魔鬼",0,"normal/item_start",0
2001407,"乔西亚的签名",0,"",0,0,1,0,0,False,"","ui/icon/025000/025929.tex","",1,1," 质检魔鬼",0,"normal/item_start",0
2001408,"飞行社的时刻表",0,"",0,0,1,0,0,False,"","ui/icon/025000/025906.tex","",1,1," 质检魔鬼",0,"normal/item_start",0
2001409,"传声元件的材料",0,"",0,0,1,0,0,False,"","ui/icon/025000/025919.tex","",1,1," 工房使用费",0,"normal/item_start",0
2001410,"纠缠弹涂鱼",0,"",0,0,1,0,0,False,"","ui/icon/029000/029295.tex","",2,1," 工房使用费",0,"normal/item_start",0
2001411,"照明元件的材料",0,"",0,0,1,0,0,False,"","ui/icon/025000/025919.tex","",1,1," 亮瞎鸟眼",0,"normal/item_start",0
2001412,"纠缠红树枝",0,"",0,0,1,0,0,False,"","ui/icon/022000/022416.tex","",15,1," 亮瞎鸟眼",0,"normal/item_start",0
2001413,"纠缠红树原木",0,"",0,0,1,0,0,False,"","ui/icon/022000/022410.tex","",5,1," 亮瞎鸟眼",0,"normal/item_start",0
2001414,"排气元件的材料",0,"",0,0,1,0,0,False,"","ui/icon/025000/025919.tex","",1,1," 飞艇也得排气！",0,"normal/item_start",0
2001415,"高纯度水之碎晶",0,"",0,0,1,0,0,False,"","ui/icon/020000/020002.tex","",15,1," 飞艇也得排气！",0,"normal/item_start",0
2001416,"高纯度水之晶簇",0,"",0,0,1,0,0,False,"","ui/icon/020000/020014.tex","",5,1," 飞艇也得排气！",0,"normal/item_start",0
2001417,"废品紧急处理元件的材料",0,"",0,0,1,0,0,False,"","ui/icon/025000/025919.tex","",1,1," 一丝不苟匠人魂",0,"normal/item_start",0
2001418,"强韧的魔界花卷须",0,"",0,0,1,0,0,False,"","ui/icon/021000/021662.tex","",1,1," 一丝不苟匠人魂",0,"normal/item_start",0
2001419,"青磷水箱元件",0,"",0,0,1,0,0,False,"","ui/icon/020000/020956.tex","",1,1," 帝国军悲惨的一天",0,"normal/item_start",0
2001420,"43式强化纤维",0,"",0,0,1,0,0,False,"","ui/icon/020000/020901.tex","",1,1," 帝国军悲惨的一天",0,"normal/item_start",0
2001421,"驾驶器元件的材料",0,"",0,0,1,0,0,False,"","ui/icon/025000/025919.tex","",1,1," 献给流亡者们的哀歌",0,"normal/item_start",0
2001422,"雪公鱼",0,"",0,0,1,0,0,False,"","ui/icon/029000/029310.tex","",3,1," 侠义捕鱼魂",0,"normal/item_start",0
2001423,"紧急逃生工具的材料",0,"",0,0,1,0,0,False,"","ui/icon/025000/025919.tex","",1,1," 侠义捕鱼魂",0,"normal/item_start",0
2001424,"红玉云杉枝",0,"",0,0,1,0,0,False,"","ui/icon/022000/022416.tex","",15,1," 漫漫园艺路",0,"normal/item_start",0
2001425,"红玉云杉原木",0,"",0,0,1,0,0,False,"","ui/icon/022000/022413.tex","",5,1," 漫漫园艺路",0,"normal/item_start",0
2001426,"战神矿",0,"",0,0,1,0,0,False,"","ui/icon/021000/021202.tex","",15,1," 雪原采矿师",0,"normal/item_start",0
2001427,"优质的战神矿",0,"",0,0,1,0,0,False,"","ui/icon/021000/021203.tex","",5,1," 雪原采矿师",0,"normal/item_start",0
2001428,"装钱的皮包",0,"",0,0,1,0,0,False,"","ui/icon/025000/025919.tex","",1,1," 特攻大审门",0,"normal/item_start",0
2001429,"抗震元件的材料",0,"",0,0,1,0,0,False,"","ui/icon/025000/025919.tex","",1,1," 特攻大审门",0,"normal/item_start",0
2001430,"令人害怕的外灵质",0,"",0,0,1,0,0,False,"","ui/icon/021000/021264.tex","",1,1," 倾注灵魂",0,"normal/item_start",0
2001431,"辅助空气动力元件的材料",0,"",0,0,1,0,0,False,"","ui/icon/025000/025919.tex","",3,1," 人鸟无双续传",0,"normal/item_start",0
2001432,"装饰元件的材料",0,"",0,0,1,0,0,False,"","ui/icon/025000/025919.tex","",1,1," 追梦无限",0,"normal/item_start",0
2001433,"缠头带",0,"",0,0,1,0,0,False,"","ui/icon/054000/054001.tex","任务道具",1,1,"红莲节与委员长那不得不说的故事",3,"normal/item_start",0
2001434,"轻量化元件的材料",0,"",0,0,1,0,0,False,"","ui/icon/025000/025919.tex","",1,1," 雪原采矿师",0,"normal/item_start",0
2001435,"预备水箱元件的材料",0,"",0,0,1,0,0,False,"","ui/icon/025000/025919.tex","",1,1," 漫漫园艺路",0,"normal/item_start",0
2001436,"日光石",0,"",0,0,1,0,0,False,"","ui/icon/020000/020001.tex","任务道具",1,1,,0,"normal/item_start",0
2001437,"月光石",0,"",0,0,1,0,0,False,"","ui/icon/020000/020002.tex","任务道具",1,1,,0,"normal/item_start",0
2001438,"星光石",0,"",0,0,1,0,0,False,"","ui/icon/020000/020006.tex","任务道具",1,1,,0,"normal/item_start",0
2001439,"偏属性水晶碎片",0,"",0,0,1,0,0,False,"","ui/icon/020000/020664.tex","任务道具",3,1," 展开双翼、振翅高飞",3,"normal/item_start",0
2001440,"给拉雅·奥·神纳的密信",0,"",0,0,1,0,0,False,"","ui/icon/025000/025918.tex","",1,1,"邮递员的小秘密",0,"normal/item_start",0
2001441,"给坏妖精的信",0,"",0,0,1,0,0,False,"","ui/icon/025000/025918.tex","",1,1,"邮递员的小秘密",0,"normal/item_start",0
2001442,"给斯威古雷尔的信",0,"",0,0,1,0,0,False,"","ui/icon/025000/025918.tex","",1,1,"静寂的狂犬",0,"normal/item_start",0
2001443,"给瓦瓦拉哥的信",0,"",0,0,1,0,0,False,"","ui/icon/025000/025918.tex","",1,1,"网仓鱼塘繁荣的秘密",0,"normal/item_start",0
2001444,"给罗罗迦尔的信",0,"",0,0,1,0,0,False,"","ui/icon/025000/025918.tex","",1,1,"网仓鱼塘繁荣的秘密",0,"normal/item_start",0
2001445,"给美容师的信",0,"",0,0,1,0,0,False,"","ui/icon/025000/025918.tex","",1,1,"天才美容师的华丽绝技",0,"normal/item_start",0
2001446,"罗罗迦尔的货箱",0,"",0,0,1,0,0,False,"","ui/icon/026000/026316.tex","任务道具",1,1,"网仓鱼塘繁荣的秘密",3,"normal/item_start",0
2001447,"小钥匙",0,"",0,0,1,0,0,False,"","ui/icon/025000/025904.tex","",1,1,,0,"normal/item_start",0
2001448,"异端者的钥匙",0,"",0,0,1,0,0,False,"","ui/icon/025000/025902.tex","",1,1,,0,"normal/item_start",0
2001449,"给玛舞·利扎的信",0,"",0,0,1,0,0,False,"","ui/icon/025000/025918.tex","",1,1,"姐妹的悲歌",0,"normal/item_start",0
2001450,"给乌拉·利扎的信",0,"",0,0,1,0,0,False,"","ui/icon/025000/025918.tex","",1,1,"姐妹的悲歌",0,"normal/item_start",0
2001451,"朽坏的吉光",0,"",0,0,1,0,0,False,"","ui/icon/021000/021003.tex","任务道具",1,1,"复苏的上古武器（吉光）",3,"normal/item_start",0
2001452,"矾土晶粒",0,"",0,0,1,0,0,False,"","ui/icon/021000/021204.tex","任务道具",1,1,"复苏的上古武器（吉光）",3,"normal/item_start",0
2001453,"无限城的石板",0,"",0,0,1,0,0,False,"","ui/icon/026000/026201.tex","任务道具",1,1,"复苏的上古武器（吉光）",3,"normal/item_start",0
2001454,"«正忍记»",0,"",0,0,1,0,0,False,"","ui/icon/026000/026002.tex","任务道具",1,1,"复苏的上古武器（吉光）",3,"normal/item_start",0
2001455,"伊弗利特之火",0,"",0,0,1,0,0,False,"","ui/icon/025000/025911.tex","任务道具",1,1,"复苏的上古武器（吉光）",3,"normal/item_start",0
2001456,"迦楼罗之风",0,"",0,0,1,0,0,False,"","ui/icon/025000/025901.tex","任务道具",1,1,"复苏的上古武器（吉光）",3,"normal/item_start",0
2001457,"泰坦之土",0,"",0,0,1,0,0,False,"","ui/icon/021000/021464.tex","任务道具",1,1,"复苏的上古武器（吉光）",3,"normal/item_start",0
2001458,"一叠崇拜信",0,"",0,0,1,0,0,False,"","ui/icon/023000/023001.tex","",1,1,"被盯上的美丽剑士",0,"normal/item_start",0
2001459,"剑斗大会的海报",0,"",0,0,1,0,0,False,"","ui/icon/025000/025906.tex","任务道具",2,1,"被盯上的美丽剑士",3,"normal/searchaction_start",1
2001460,"剑斗大会的传单",0,"",0,0,1,0,0,False,"","ui/icon/026000/026153.tex","",2,1,"被盯上的美丽剑士",0,"normal/item_start",0
2001462,"破旧的瓶子",0,"",0,0,1,0,0,False,"","ui/icon/025000/025057.tex","任务道具",1,1,"沉睡在废弃营地的宝藏",3,"normal/item_start",0
2001463,"年代久远的魔导书",0,"",0,0,1,0,0,False,"","ui/icon/026000/026002.tex","任务道具",1,1,"小小的人儿大大的梦想",3,"normal/item_start",0
2001464,"同心铃",0,"",0,0,1,0,0,False,"","ui/icon/026000/026104.tex","",1,1,,0,"normal/item_start",1
2001465,"给人工生命的信",0,"",0,0,1,0,0,False,"","ui/icon/025000/025918.tex","",1,1,"势不可挡",0,"normal/item_start",0
2001466,"黑兔堂的收据",0,"",0,0,1,0,0,False,"","ui/icon/026000/026151.tex","",1,1,"势不可挡",0,"normal/item_start",0
2001467,"巴特商会的票据",0,"",0,0,1,0,0,False,"","ui/icon/025000/025928.tex","",1,1,"势不可挡",0,"normal/item_start",0
2001468,"合同副本",0,"",0,0,1,0,0,False,"","ui/icon/026000/026152.tex","",1,1,"势不可挡",0,"normal/item_start",0
2001469,"调查书副本",0,"",0,0,1,0,0,False,"","ui/icon/026000/026153.tex","",1,1,"势不可挡",0,"normal/item_start",0
2001470,"异端者的羊皮纸",0,"",0,0,1,0,0,False,"","ui/icon/025000/025906.tex","任务道具",1,1,"剿灭别动队",3,"normal/item_start",0
2001471,"异端者的书简",0,"",0,0,1,0,0,False,"","ui/icon/025000/025906.tex","任务道具",1,1,,3,"normal/item_start",0
2001472,"牢狱的钥匙",0,"",0,0,1,0,0,False,"","ui/icon/025000/025904.tex","",1,1,,0,"normal/item_start",0
2001473,"十二神戒指",0,"",0,0,1,0,0,False,"","ui/icon/054000/054564.tex","任务道具",1,1,"天长地久",3,"normal/item_start",0
2001478,"漂亮的耳饰",0,"",0,0,1,0,0,False,"","ui/icon/055000/055241.tex","任务道具",1,1,"沉睡在废弃营地的宝藏",3,"normal/item_start",0
2001479,"给玛舞·利扎的信",0,"",0,0,1,0,0,False,"","ui/icon/025000/025918.tex","",1,1,"姐妹的悲歌",0,"normal/item_start",0
2001480,"给维蒙德的信",0,"",0,0,1,0,0,False,"","ui/icon/025000/025918.tex","",1,1,"有你的街道",0,"normal/item_start",0
2001481,"诱拐犯留下的信",0,"",0,0,1,0,0,False,"","ui/icon/026000/026151.tex","",1,1,"有你的街道",0,"normal/item_start",0
2001482,"天秤银行的支票",0,"",0,0,1,0,0,False,"","ui/icon/026000/026152.tex","",1,1,"有你的街道",0,"normal/item_start",0
2001483,"青磷水的期货票据",0,"",0,0,1,0,0,False,"","ui/icon/025000/025928.tex","",1,1,"有你的街道",0,"normal/item_start",0
2001484,"令人怜爱的红花",0,"",0,0,1,0,0,False,"","ui/icon/025000/025003.tex","",1,1,"有你的街道",0,"normal/item_start",0
2001485,"给朗贝尔坦的信",0,"",0,0,1,0,0,False,"","ui/icon/025000/025918.tex","",3,1,"由“零”开始的属性转移理论",0,"normal/item_start",0
2001486,"属性转移理论概说的原本",0,"",0,0,1,0,0,False,"","ui/icon/026000/026002.tex","",1,1,,0,"normal/item_start",0
2001487,"美丽的盆栽",0,"",0,0,1,0,0,False,"","ui/icon/025000/025008.tex","任务道具",1,1,"由“零”开始的属性转移理论",3,"normal/item_start",0
2001488,"绝灵壶",0,"",0,0,1,0,0,False,"","ui/icon/022000/022603.tex","任务道具",1,1,"由“零”开始的属性转移理论",3,"normal/item_start",0
2001489,"采石用碎石锤",0,"",0,0,1,0,0,False,"","ui/icon/038000/038051.tex","任务道具",1,1,"由“零”开始的属性转移理论",3,"normal/item_start",0
2001490,"偏属性水晶",0,"",0,0,1,0,0,False,"","ui/icon/022000/022603.tex","",1,1,"由“零”开始的属性转移理论",0,"normal/item_start",0
2001491,"给德雷斯特的信",0,"",0,0,1,0,0,False,"","ui/icon/025000/025918.tex","",1,1,"逃避过去的飞毛腿",0,"normal/item_start",0
2001492,"肮脏的皮袋",0,"",0,0,1,0,0,False,"","ui/icon/025000/025919.tex","",1,1,"逃避过去的飞毛腿",0,"normal/item_start",0
2001493,"布莱西的调查笔记",0,"",0,0,1,0,0,False,"","ui/icon/026000/026182.tex","",1,1,"慈爱的神学生",0,"normal/item_start",0
2001494,"字迹潦草的匿名信",0,"",0,0,1,0,0,False,"","ui/icon/026000/026192.tex","",4,1,"匿名信疑云",0,"normal/item_start",0
2001495,"正教法大全11卷",0,"",0,0,1,0,0,False,"","ui/icon/026000/026161.tex","",1,1,"摇摇欲坠的基石",0,"normal/item_start",0
2001497,"守护天节的灯笼",0,"",0,0,1,0,0,False,"","ui/icon/024000/024153.tex","",3,1,"碍手碍脚的南瓜灯笼",0,"normal/item_start",0
2001498,"收缴来的木箱",0,"",0,0,1,0,0,False,"","ui/icon/021000/021003.tex","",1,1,"收缴来的武器",3,"normal/item_start",0
2001499,"给密亚·莫尔柯特的信",0,"",0,0,1,0,0,False,"","ui/icon/025000/025918.tex","",1,1,"看不见的防卫线",0,"normal/item_start",0
2001500,"给希希菈的信",0,"",0,0,1,0,0,False,"","ui/icon/025000/025918.tex","",1,1,"慈爱和商魂",0,"normal/item_start",0
2001501,"商贸神豌豆的根",0,"",0,0,1,0,0,False,"","ui/icon/025000/025005.tex","",3,1,"慈爱和商魂",0,"normal/item_start",0
2001502,"遗物首饰",0,"",0,0,1,0,0,False,"","ui/icon/054000/054815.tex","",1,1,"慈爱和商魂",0,"normal/item_start",0
2001503,"给安瑟姆的挑战书",0,"",0,0,1,0,0,False,"","ui/icon/026000/026151.tex","",1,1,"永远的海盗精神",0,"normal/item_start",0
2001504,"给可可布奇的信",0,"",0,0,1,0,0,False,"","ui/icon/025000/025918.tex","",1,1,"师恩重如山",0,"normal/item_start",0
2001505,"咒术师行会藏书目录",0,"",0,0,1,0,0,False,"","ui/icon/026000/026002.tex","",1,1,"师恩重如山",0,"normal/item_start",0
2001506,"给吉吉卢恩的信",0,"",0,0,1,0,0,False,"","ui/icon/025000/025918.tex","",1,1,"闪闪金币战役",0,"normal/item_start",0
2001507,"43式点火装置",0,"",0,0,1,0,0,False,"","ui/icon/021000/021003.tex","任务道具",1,1,"破烂粉碎团",0,"normal/item_start",0
2001508,"财团的废品",0,"",0,0,1,0,0,False,"","ui/icon/021000/021003.tex","任务道具",3,1,"公平竞争",0,"normal/item_start",0
2001509,"散发异臭的麻袋",0,"",0,0,1,0,0,False,"","ui/icon/025000/025919.tex","任务道具",1,1,"公平竞争",0,"normal/item_start",0
2001510,"装硬币的皮袋",0,"",0,0,1,0,0,False,"","ui/icon/025000/025919.tex","任务道具",1,1,"不动摇的决意",0,"normal/item_start",0
2001511,"变身游行传单",0,"",0,0,1,0,0,False,"","ui/icon/025000/025906.tex","",3,1,"带来欢笑的幸运魔咒",0,"normal/item_start",0
2001512,"（仮）魔道書",0,"",0,0,1,0,0,False,"","ui/icon/026000/026002.tex","任务道具",1,1,,0,"normal/item_start",0
2001513,"送往雪绒花商会的货物",0,"",0,0,1,0,0,False,"","ui/icon/023000/023001.tex","任务道具",1,1,"辗转于商会间",0,"normal/item_start",0
2001514,"高级饲料",0,"",0,0,1,0,0,False,"","ui/icon/025000/025020.tex","",1,1,"降神节的羊奉行",0,"normal/item_start",0
2001515,"忘了带走的眼镜",0,"",0,0,1,0,0,False,"","ui/icon/040000/040876.tex","",1,1,"沸洋洋的怀念之酒",0,"normal/item_start",0
2001516,"陆行鸟尾羽",0,"",0,0,1,0,0,False,"","ui/icon/021000/021901.tex","",1,1,"暖洋洋的思念之羽",0,"normal/item_start",0
2001517,"星神卡片",0,"",0,0,1,0,0,False,"","ui/icon/025000/025918.tex","",1,1,"星光闪耀的圣人",0,"normal/item_start",0
2001518,"幸运星礼物",0,"",0,0,1,0,0,False,"","ui/icon/026000/026107.tex","",1,1,"星光闪耀的圣人",0,"normal/item_start",0
2001519,"放错的星神卡片",0,"",0,0,1,0,0,False,"","ui/icon/025000/025918.tex","",1,1,"星光闪耀的圣人",0,"normal/item_start",0
2001520,"星神卡片",0,"",0,0,1,0,0,False,"","ui/icon/025000/025918.tex","",1,1,"星光闪耀的礼物（薰衣草苗圃）",0,"normal/item_start",0
2001521,"幸运星礼物",0,"",0,0,1,0,0,False,"","ui/icon/026000/026107.tex","",1,1,"星光闪耀的礼物（薰衣草苗圃）",0,"normal/item_start",0
2001522,"星神卡片",0,"",0,0,1,0,0,False,"","ui/icon/025000/025918.tex","",1,1,"星光闪耀的礼物（海雾村）",0,"normal/item_start",0
2001523,"幸运星礼物",0,"",0,0,1,0,0,False,"","ui/icon/026000/026107.tex","",1,1,"星光闪耀的礼物（海雾村）",0,"normal/item_start",0
2001524,"星神卡片",0,"",0,0,1,0,0,False,"","ui/icon/025000/025918.tex","",1,1,"星光闪耀的礼物（高脚孤丘）",0,"normal/item_start",0
2001525,"幸运星礼物",0,"",0,0,1,0,0,False,"","ui/icon/026000/026107.tex","",1,1,"星光闪耀的礼物（高脚孤丘）",0,"normal/item_start",0
2001526,"遗物手镯",0,"",0,0,1,0,0,False,"","ui/icon/055000/055605.tex","",1,1,"你的微笑有如满天星光",0,"normal/item_start",0
2001527,"放错的星神卡片",0,"",0,0,1,0,0,False,"","ui/icon/025000/025918.tex","",1,1,"你的微笑有如满天星光",0,"normal/item_start",0
2001528,"巴特拉尔的尖角",0,"",0,0,1,0,0,False,"","ui/icon/022000/022204.tex","",1,1,"滴水之恩",0,"normal/item_start",0
2001529,"6号哥布林钢板",0,"",0,0,1,0,0,False,"","ui/icon/020000/020957.tex","",1,1,"滴水之恩",0,"normal/item_start",0
2001530,"那罗希摩的皮膜",0,"",0,0,1,0,0,False,"","ui/icon/021000/021822.tex","",1,1,"滴水之恩",0,"normal/item_start",0
2001531,"芬里尔的尖牙",0,"",0,0,1,0,0,False,"","ui/icon/022000/022303.tex","",1,1,"滴水之恩",0,"normal/item_start",0
2001532,"黄辉石",0,"",0,0,1,0,0,False,"","ui/icon/021000/021207.tex","",1,1,"挑战未知的工匠",0,"normal/item_start",0
2001533,"虚无魔布",0,"",0,0,1,0,0,False,"","ui/icon/023000/023003.tex","",1,1,"挑战未知的工匠",0,"normal/item_start",0
2001534,"无限城纸片",0,"",0,0,1,0,0,False,"","ui/icon/026000/026151.tex","",1,1,"挑战未知的工匠",0,"normal/item_start",0
2001535,"苍茫玉",0,"",0,0,1,0,0,False,"","ui/icon/021000/021287.tex","",1,1,"挑战未知的工匠",0,"normal/item_start",0
2001536,"冬贝利王的血液",0,"",0,0,1,0,0,False,"","ui/icon/022000/022601.tex","",1,1,"激情与梦想",0,"normal/item_start",0
2001537,"岩窟王的血液",0,"",0,0,1,0,0,False,"","ui/icon/022000/022601.tex","",1,1,"激情与梦想",0,"normal/item_start",0
2001538,"克拉肯的血液",0,"",0,0,1,0,0,False,"","ui/icon/020000/020662.tex","",1,1,"激情与梦想",0,"normal/item_start",0
2001539,"代言者的血液",0,"",0,0,1,0,0,False,"","ui/icon/022000/022601.tex","",1,1,"激情与梦想",0,"normal/item_start",0
2001540,"古城的秘宝",0,"",0,0,1,0,0,False,"","ui/icon/025000/025916.tex","",1,1,"慈母手中物",0,"normal/item_start",0
2001541,"灯塔的秘宝",0,"",0,0,1,0,0,False,"","ui/icon/025000/025916.tex","",1,1,"慈母手中物",0,"normal/item_start",0
2001542,"墓园的秘宝",0,"",0,0,1,0,0,False,"","ui/icon/025000/025916.tex","",1,1,"慈母手中物",0,"normal/item_start",0
2001543,"城塞的秘宝",0,"",0,0,1,0,0,False,"","ui/icon/025000/025916.tex","",1,1,"慈母手中物",0,"normal/item_start",0
2001544,"给拉雅·奥·神纳的信",0,"",0,0,1,0,0,False,"","ui/icon/025000/025918.tex","",1,1,"一切为了送信",0,"normal/item_start",0
2001545,"微脏的瓶子",0,"",0,0,1,0,0,False,"","ui/icon/020000/020665.tex","",1,1,"废弃站台的偶遇",3,"normal/item_start",0
2001546,"买花的钱",0,"",0,0,1,0,0,False,"","ui/icon/026000/026001.tex","",1,1,"伊达的决心",3,"normal/item_start",0
2001547,"梅茵菲娜雏菊",0,"",0,0,1,0,0,False,"","ui/icon/026000/026024.tex","",1,1,"伊达的决心",3,"normal/item_start",0
2001548,"可疑物品",0,"",0,0,1,0,0,False,"","ui/icon/021000/021003.tex","",4,1,"穆恩布瑞达的秘策",3,"normal/item_start",0
2001549,"东方风格的魔笛",0,"",0,0,1,0,0,False,"","ui/icon/022000/022204.tex","任务道具",1,1,"天降祥瑞",3,"normal/item_start",0
2001550,"给朗德内尔的信",0,"",0,0,1,0,0,False,"","ui/icon/025000/025918.tex","",1,1,"别了，海雄旅团",0,"normal/item_start",0
2001551,"索恩朝时代的宝物地图",0,"",0,0,1,0,0,False,"","ui/icon/026000/026151.tex","任务道具",1,2,,0,"normal/item_start",0
2001552,"迷宫宝珠",0,"",0,0,1,0,0,False,"","ui/icon/022000/022624.tex","任务道具",1,1,,0,"normal/item_start",0
2001553,"晶塔宝珠",0,"",0,0,1,0,0,False,"","ui/icon/022000/022625.tex","任务道具",1,1,,0,"normal/item_start",0
2001554,"异界宝珠",0,"",0,0,1,0,0,False,"","ui/icon/022000/022626.tex","任务道具",1,1,,0,"normal/item_start",0
2001555,"特别搭乘许可证",0,"",0,0,1,0,0,False,"","ui/icon/026000/026153.tex","",1,1,"前往游乐场",0,"normal/item_start",0
2001556,"香木护身符",0,"",0,0,1,0,0,False,"","ui/icon/025000/025001.tex","",1,1,"密林之恋",0,"normal/item_start",0
2001557,"放有原石的信",0,"",0,0,1,0,0,False,"","ui/icon/025000/025918.tex","",1,1,"沙地之恋",0,"normal/item_start",0
2001558,"薄荷巧克力",0,"",0,0,1,0,0,False,"","ui/icon/024000/024065.tex","",1,1,"海港之恋",0,"normal/item_start",0
2001559,"亡灵裹布",0,"",0,0,1,0,0,False,"","ui/icon/023000/023155.tex","任务道具",1,1,"在血液中蔓延的诅咒",0,"normal/item_start",0
2001560,"高纯度蒸馏水",0,"",0,0,1,0,0,False,"","ui/icon/020000/020601.tex","任务道具",1,1,"在血液中蔓延的诅咒",0,"normal/item_start",0
2001561,"珍藏的蒸馏酒",0,"",0,0,1,0,0,False,"","ui/icon/025000/025936.tex","",1,1,"力量觉醒",0,"normal/item_start",0
2001562,"彩蛋卡",0,"",0,0,1,0,0,False,"","ui/icon/022000/022630.tex","",2,1,"彩蛋狩猎与梦中人",0,"normal/item_start",0
2001563,"幸运彩蛋卡",0,"",0,0,1,0,0,False,"","ui/icon/022000/022631.tex","",1,1,"彩蛋狩猎与梦中人",0,"normal/item_start",0
2001564,"咳咳鳞粉蛋",0,"",0,0,1,0,0,False,"","ui/icon/021000/021308.tex","",1,1,"彩蛋狩猎与梦中城",0,"normal/item_start",0
2001565,"识破鳞粉珠",0,"",0,0,1,0,0,False,"","ui/icon/026000/026015.tex","任务道具",3,1,"彩蛋狩猎与梦中蛋",3,"normal/item_start",0
2001566,"驱幻晶粉末",0,"",0,0,1,0,0,False,"","ui/icon/022000/022623.tex","",1,1,"掩藏真相的人们",0,"normal/item_start",0
2001567,"帝国军认证密钥",0,"",0,0,1,0,0,False,"","ui/icon/026000/026014.tex","任务道具",99,1,,0,"normal/item_start",0
2001568,"云卵石",0,"",0,0,1,0,0,False,"","ui/icon/020000/020204.tex","任务道具",99,1,,0,"normal/item_start",0
2001569,"钢铁制操纵杆",0,"",0,0,1,0,0,False,"","ui/icon/022000/022305.tex","任务道具",1,1,,0,"normal/item_start",0
2001570,"骑兵驻所的钥匙",0,"",0,0,1,0,0,False,"","ui/icon/025000/025904.tex","任务道具",1,1,,0,"normal/item_start",0
2001571,"作战会议室的钥匙",0,"",0,0,1,0,0,False,"","ui/icon/025000/025904.tex","任务道具",1,1,,0,"normal/item_start",0
2001572,"黯淡硬毛",0,"",0,0,1,0,0,False,"","ui/icon/022000/022007.tex","任务道具",3,1,"征龙将军的雕像",3,"normal/item_start",0
2001573,"暖和的包裹",0,"",0,0,1,0,0,False,"","ui/icon/026000/026109.tex","任务道具",1,1,"无法传达的心意",3,"normal/item_start",0
2001574,"泉水水晶",0,"",0,0,1,0,0,False,"","ui/icon/020000/020002.tex","任务道具",1,1,"泉水之晶",3,"normal/item_start",0
2001575,"以太收束器的论文",0,"",0,0,1,0,0,False,"","ui/icon/026000/026162.tex","任务道具",1,1,"沉睡在禁书库的论文",3,"normal/item_start",0
2001578,"异端者的信",0,"",0,0,1,0,0,False,"","ui/icon/026000/026153.tex","任务道具",3,1,"异端者的信",3,"normal/item_start",0
2001579,"南加幼崽的肉",0,"",0,0,1,0,0,False,"","ui/icon/025000/025155.tex","任务道具",1,1,"骨颌族蛮神",3,"normal/item_start",0
2001580,"南加幼崽的肉",0,"",0,0,1,0,0,False,"","ui/icon/025000/025155.tex","任务道具",3,1,"准备见面礼",3,"normal/item_start",0
2001581,"白云花",0,"",0,0,1,0,0,False,"","ui/icon/022000/022627.tex","任务道具",3,1,"莫古唐的试炼",3,"normal/item_start",0
2001582,"☓未使用",0,"",0,0,1,0,0,False,"","ui/icon/025000/025906.tex","任务道具",1,1,,3,"normal/item_start",0
2001583,"新作绘饰石",0,"",0,0,1,0,0,False,"","ui/icon/021000/021210.tex","任务道具",1,1,"莫古嘭的试炼",3,"normal/item_start",0
2001584,"牦牛毛皮",0,"",0,0,1,0,0,False,"","ui/icon/021000/021655.tex","任务道具",2,1,"千年的背叛",3,"normal/item_start",0
2001585,"封印楔石",0,"",0,0,1,0,0,False,"","ui/icon/021000/021451.tex","",1,1,"再会石绿湖",0,"normal/item_start",0
2001586,"封印大楔石",0,"",0,0,1,0,0,False,"","ui/icon/021000/021451.tex","",1,1,"封印的关键",0,"normal/item_start",0
2001587,"空壶",0,"",0,0,1,0,0,False,"","ui/icon/025000/025055.tex","",1,1,"魔法城邦玛哈的阴谋",0,"normal/item_start",0
2001588,"妖异研究者的货物",0,"",0,0,1,0,0,False,"","ui/icon/026000/026111.tex","",1,1,"消失的大妖异",0,"normal/item_start",0
2001589,"密斯里尔·哈特的战斧",0,"",0,0,1,0,0,False,"","ui/icon/031000/031441.tex","",1,1,"传说中的战技",0,"normal/item_start",0
2001590,"断气的鲑鱼",0,"",0,0,1,0,0,False,"","ui/icon/029000/029203.tex","任务道具",1,1,"追寻上古英雄",3,"normal/item_start",0
2001591,"新鲜香草",0,"",0,0,1,0,0,False,"","ui/icon/025000/025002.tex","任务道具",1,1,"珍贵的香草",3,"normal/item_start",0
2001592,"特制香葡萄酒",0,"",0,0,1,0,0,False,"","ui/icon/025000/025057.tex","任务道具",1,1,"悲伤往事",3,"normal/item_start",0
2001593,"特制香葡萄酒",0,"",0,0,1,0,0,False,"","ui/icon/025000/025057.tex","任务道具",1,1,"令人怀念的香气",3,"normal/item_start",0
2001594,"小羚羊腿肉",0,"",0,0,1,0,0,False,"","ui/icon/025000/025157.tex","",3,1,"冷冻食材",0,"normal/item_start",0
2001595,"亨明的皮袋",0,"",0,0,1,0,0,False,"","ui/icon/026000/026110.tex","",3,1,"爷爷的失物",0,"normal/item_start",0
2001596,"护身符碎片",0,"",0,0,1,0,0,False,"","ui/icon/020000/020009.tex","",3,1,"冰爽可口的护身符",0,"normal/item_start",0
2001597,"冠恐鸟腿肉",0,"",0,0,1,0,0,False,"","ui/icon/025000/025154.tex","",3,1,"一石二鸟",0,"normal/item_start",0
2001598,"刚做好的盒饭",0,"",0,0,1,0,0,False,"","ui/icon/021000/021005.tex","",3,1,"一份盒饭暖人心",0,"normal/item_start",0
2001599,"无伤飞膜",0,"",0,0,1,0,0,False,"","ui/icon/021000/021955.tex","",1,1,"保存完好的飞膜",0,"normal/item_start",0
2001600,"妮美雅百合",0,"",0,0,1,0,0,False,"","ui/icon/026000/026024.tex","",1,1,"献给亡夫的鲜花",0,"normal/item_start",0
2001601,"蔷薇骑兵团的武具",0,"",0,0,1,0,0,False,"","ui/icon/021000/021003.tex","",3,1,"劫后余生",0,"normal/item_start",0
2001602,"牦牛毛皮",0,"",0,0,1,0,0,False,"","ui/icon/021000/021655.tex","",3,1,"我要毛皮大衣！",0,"normal/item_start",0
2001603,"空葡萄酒瓶",0,"",0,0,1,0,0,False,"","ui/icon/027000/027608.tex","",1,1,"秘制温泉疗效好",0,"normal/item_start",0
2001604,"隐秘温泉的泉水",0,"",0,0,1,0,0,False,"","ui/icon/027000/027608.tex","",1,1,"秘制温泉疗效好",0,"normal/item_start",0
2001605,"军用陆行鸟的羽毛",0,"",0,0,1,0,0,False,"","ui/icon/021000/021901.tex","",1,1,"再见了，搭档",0,"normal/item_start",0
2001606,"瑟瑟发抖的小猫？",0,"",0,0,1,0,0,False,"","ui/icon/004000/004452.tex","",1,1,"冷砖石屋顶上的猫",0,"normal/item_start",0
2001607,"荧光菇",0,"",0,0,1,0,0,False,"","ui/icon/025000/025402.tex","",1,1,"制作麻痹陷阱",0,"normal/item_start",0
2001608,"满是孢子的野菜",0,"",0,0,1,0,0,False,"","ui/icon/025000/025218.tex","",1,1,"制作麻痹陷阱",0,"normal/item_start",0
2001609,"芳香四溢的浑水",0,"",0,0,1,0,0,False,"","ui/icon/024000/024402.tex","任务道具",1,1,"爱护森林，保护生态",3,"normal/item_start",0
2001610,"木制猎弓",0,"",0,0,1,0,0,False,"","ui/icon/032000/032261.tex","",1,1,"泉中的失物",0,"normal/item_start",0
2001611,"南加蛋",0,"",0,0,1,0,0,False,"","ui/icon/025000/025156.tex","",5,1,"怪人的美食",0,"normal/item_start",0
2001612,"成熟的七天树果实",0,"",0,0,1,0,0,False,"","ui/icon/025000/025221.tex","",3,1,"至高的果实",0,"normal/item_start",0
2001613,"洛夫坦山羊肉",0,"",0,0,1,0,0,False,"","ui/icon/025000/025152.tex","",3,1,"自由的特权",0,"normal/item_start",0
2001614,"骨颌族的枪",0,"",0,0,1,0,0,False,"","ui/icon/021000/021003.tex","",2,1,"军火小偷",0,"normal/item_start",0
2001615,"龙堡黏土",0,"",0,0,1,0,0,False,"","ui/icon/021000/021455.tex","",2,1,"不寻常的建筑材料",0,"normal/item_start",0
2001616,"银露草",0,"",0,0,1,0,0,False,"","ui/icon/021000/021654.tex","",3,1,"天然驱龙香",0,"normal/item_start",0
2001617,"●ラーニングの書",0,"",0,0,1,0,0,False,"","ui/icon/026000/026153.tex","任务道具",1,1,,3,"normal/item_start",0
2001620,"黄色小石头",0,"",0,0,1,0,0,False,"","ui/icon/022000/022615.tex","",4,1,"小石头大秘密",0,"normal/item_start",0
2001621,"货车的货物",0,"",0,0,1,0,0,False,"","ui/icon/022000/022634.tex","",1,1,"快递小哥有点忙",0,"normal/item_start",0
2001622,"枪支的火药袋",0,"",0,0,1,0,0,False,"","ui/icon/026000/026110.tex","",3,1,"收集火药",0,"normal/item_start",0
2001623,"细齿兽肉",0,"",0,0,1,0,0,False,"","ui/icon/025000/025152.tex","",3,1,"垂涎三尺",0,"normal/item_start",0
2001624,"似鸡龙蛋",0,"",0,0,1,0,0,False,"","ui/icon/025000/025251.tex","",5,1,"垂涎六尺",0,"normal/item_start",0
2001625,"陆行鸟腿肉",0,"",0,0,1,0,0,False,"","ui/icon/025000/025154.tex","",1,1,"人类的食物",0,"normal/item_start",0
2001626,"炸腿肉",0,"",0,0,1,0,0,False,"","ui/icon/024000/024358.tex","",1,1,"人类的食物",0,"normal/item_start",0
2001627,"骏雕的粗皮",0,"",0,0,1,0,0,False,"","ui/icon/022000/022003.tex","",3,1,"十人十色",0,"normal/item_start",0
2001628,"深灰色的打火石",0,"",0,0,1,0,0,False,"","ui/icon/021000/021205.tex","任务道具",1,1,"烧毁物资",3,"normal/item_start",0
2001629,"格伦玛尔花",0,"",0,0,1,0,0,False,"","ui/icon/025000/025022.tex","",1,1,"闻香识龙",0,"normal/item_start",0
2001630,"光滑的龙鳞",0,"",0,0,1,0,0,False,"","ui/icon/022000/022251.tex","",1,1,"热血沸腾",0,"normal/item_start",0
2001631,"山克芹尼的藤蔓",0,"",0,0,1,0,0,False,"","ui/icon/021000/021662.tex","",5,1,"美丽的莫古慕古",0,"normal/item_start",0
2001632,"牵牛花",0,"",0,0,1,0,0,False,"","ui/icon/025000/025023.tex","",3,1,"遗迹中盛开的花朵",0,"normal/item_start",0
2001633,"编织篮",0,"",0,0,1,0,0,False,"","ui/icon/022000/022261.tex","",3,1,"传说中的人类",0,"normal/item_start",0
2001634,"优质黑土",0,"",0,0,1,0,0,False,"","ui/icon/021000/021464.tex","",1,1,"忙碌的园艺家们",0,"normal/item_start",0
2001635,"库啵果",0,"",0,0,1,0,0,False,"","ui/icon/025000/025311.tex","",5,1,"棒棒的库啵果",0,"normal/item_start",0
2001636,"古代的武具",0,"",0,0,1,0,0,False,"","ui/icon/021000/021002.tex","",3,1,"年头虽久，寒光依旧",0,"normal/item_start",0
2001637,"厄丝蒂安的铠甲碎片",0,"",0,0,1,0,0,False,"","ui/icon/025000/025919.tex","",1,1,"飞枪游隼",0,"normal/item_start",0
2001638,"奇妙的纸片",0,"",0,0,1,0,0,False,"","ui/icon/026000/026151.tex","",1,1,"血染的命运",0,"normal/item_start",0
2001639,"强力草",0,"",0,0,1,0,0,False,"","ui/icon/025000/025005.tex","",1,1,"朋友，莫古不能没有你",0,"normal/item_start",0
2001640,"素烧水瓶",0,"",0,0,1,0,0,False,"","ui/icon/025000/025055.tex","",1,1,"占据水源的魔物",0,"normal/item_start",0
2001641,"充满水的水瓶",0,"",0,0,1,0,0,False,"","ui/icon/025000/025055.tex","",1,1,"占据水源的魔物",0,"normal/item_start",0
2001642,"莫古灵小刀",0,"",0,0,1,0,0,False,"","ui/icon/030000/030363.tex","任务道具",1,1,"莫古力族的药方",3,"normal/item_start",0
2001643,"带电鳞片",0,"",0,0,1,0,0,False,"","ui/icon/022000/022251.tex","",3,1,"莫古力族的药方",0,"normal/item_start",0
2001644,"光亮的金属片",0,"",0,0,1,0,0,False,"","ui/icon/021000/021002.tex","",5,1,"大家都知道的秘密",0,"normal/item_start",0
2001645,"暖暖草的苗",0,"",0,0,1,0,0,False,"","ui/icon/025000/025015.tex","",5,1,"保护新芽",0,"normal/item_start",0
2001646,"莫古索恩的编织篮",0,"",0,0,1,0,0,False,"","ui/icon/022000/022261.tex","",3,1,"莫古索恩的失物",0,"normal/item_start",0
2001647,"枯树精的枝",0,"",0,0,1,0,0,False,"","ui/icon/022000/022416.tex","",3,1,"莫古兹恩的学习",0,"normal/item_start",0
2001648,"火蛟的尾巴",0,"",0,0,1,0,0,False,"","ui/icon/022000/022635.tex","",3,1,"莫古可恩的成长",0,"normal/item_start",0
2001649,"石灰巨像的核心",0,"",0,0,1,0,0,False,"","ui/icon/020000/020403.tex","",3,1,"莫古托的认可",0,"normal/item_start",0
2001650,"茂密草的苗",0,"",0,0,1,0,0,False,"","ui/icon/025000/025015.tex","",3,1,"生根发芽",0,"normal/item_start",0
2001651,"轻飘飘草",0,"",0,0,1,0,0,False,"","ui/icon/021000/021801.tex","",3,1,"随风飘荡",0,"normal/item_start",0
2001652,"光亮的古代工具",0,"",0,0,1,0,0,False,"","ui/icon/021000/021002.tex","",3,1,"恨之入骨",0,"normal/item_start",0
2001653,"光亮的戒指",0,"",0,0,1,0,0,False,"","ui/icon/054000/054402.tex","",1,1,"全部家当",0,"normal/item_start",0
2001654,"矿怪虫的甲壳",0,"",0,0,1,0,0,False,"","ui/icon/020000/020008.tex","",3,1,"为了挑战的智慧",0,"normal/item_start",0
2001655,"文森野牛肉",0,"",0,0,1,0,0,False,"","ui/icon/025000/025153.tex","",4,1,"粮食危机的救世主",0,"normal/item_start",0
2001656,"柔软的黑土",0,"",0,0,1,0,0,False,"","ui/icon/027000/027404.tex","",5,1,"又软又黑又热乎",0,"normal/item_start",0
2001657,"×未使用",0,"",0,0,1,0,0,False,"",,"",1,1,,0,"normal/item_start",0
2001658,"冠恐鸟蛋",0,"",0,0,1,0,0,False,"","ui/icon/025000/025252.tex","",1,1,"蛋的未来",0,"normal/item_start",0
2001659,"以太测量仪",0,"",0,0,1,0,0,False,"","ui/icon/021000/021002.tex","",2,1,"贵重的掉落物",0,"normal/item_start",0
2001660,"初次调查报告书",0,"",0,0,1,0,0,False,"","ui/icon/026000/026188.tex","",1,1,"夺回调查书",0,"normal/item_start",0
2001661,"以太测量仪",0,"",0,0,1,0,0,False,"","ui/icon/021000/021002.tex","",6,1,"受伤的龙骑士",0,"normal/item_start",0
2001662,"龙骑士团的货箱",0,"",0,0,1,0,0,False,"","ui/icon/021000/021003.tex","",1,1,"历史性邂逅",0,"normal/item_start",0
2001663,"龙巢观测记录",0,"",0,0,1,0,0,False,"","ui/icon/026000/026156.tex","",1,1,"历史性邂逅",0,"normal/item_start",0
2001664,"森林野豌豆",0,"",0,0,1,0,0,False,"","ui/icon/025000/025353.tex","",1,1,"连载第二回«豆藤架起友好的桥梁»",3,"normal/item_start",0
2001665,"园艺工行会的野菜",0,"",0,0,1,0,0,False,"","ui/icon/025000/025218.tex","",1,1,"连载最终回«种子无国界»",3,"normal/item_start",0
2001666,"马蒂诺的证明信",0,"",0,0,1,0,0,False,"","ui/icon/026000/026185.tex","",1,1,"连载最终回«种子无国界»",3,"normal/item_start",0
2001667,"弗弗茶的介绍信",0,"",0,0,1,0,0,False,"","ui/icon/026000/026180.tex","",1,1,"连载第零回«来自云海的委托»",3,"normal/item_start",0
2001668,"瓦魔蛾肉",0,"",0,0,1,0,0,False,"","ui/icon/027000/027015.tex","",5,1,"令人怀念的味道",0,"normal/item_start",0
2001669,"恩底弥翁的爪",0,"",0,0,1,0,0,False,"","ui/icon/022000/022301.tex","",5,1,"猛兽利爪",0,"normal/item_start",0
2001670,"食虫草",0,"",0,0,1,0,0,False,"","ui/icon/026000/026110.tex","",3,1,"驱虫植物",0,"normal/item_start",0
2001671,"尊杜族的贡品",0,"",0,0,1,0,0,False,"","ui/icon/022000/022261.tex","",3,1,"进贡，夺回，储蓄",0,"normal/item_start",0
2001672,"枷锁的钥匙",0,"",0,0,1,0,0,False,"","ui/icon/025000/025902.tex","任务道具",1,1,"帝国的枷锁",3,"normal/item_start",0
2001673,"帕拉纳的妖药",0,"",0,0,1,0,0,False,"","ui/icon/027000/027608.tex","任务道具",1,1,"逃走的祭品",3,"normal/item_start",0
2001674,"陆行鸟腿肉",0,"",0,0,1,0,0,False,"","ui/icon/025000/025154.tex","任务道具",1,1,"不许抢走猎物",3,"normal/item_start",0
2001675,"斑攫兽肉",0,"",0,0,1,0,0,False,"","ui/icon/025000/025153.tex","",3,1,"空腹带来的烦躁",0,"normal/item_start",0
2001676,"塞满硬币的钱袋",0,"",0,0,1,0,0,False,"","ui/icon/026000/026110.tex","任务道具",1,1,"充满感情的食谱",3,"normal/item_start",0
2001677,"洛马尼红酒",0,"",0,0,1,0,0,False,"","ui/icon/025000/025057.tex","任务道具",1,1,"充满感情的食谱",3,"normal/item_start",0
2001678,"库啵果",0,"",0,0,1,0,0,False,"","ui/icon/025000/025311.tex","",5,1,"莫古力的必需品",0,"normal/item_start",0
2001679,"候鸟的巢穴",0,"",0,0,1,0,0,False,"","ui/icon/052000/052191.tex","",5,1,"鸟巢的用处",0,"normal/item_start",0
2001680,"龙蛋",0,"",0,0,1,0,0,False,"","ui/icon/025000/025252.tex","",1,1,"住在广场上的家伙",0,"normal/item_start",0
2001681,"缺少枪尖的枪",0,"",0,0,1,0,0,False,"","ui/icon/031000/031828.tex","",1,1,"寻找长枪的主人",3,"normal/item_start",0
2001682,"枪尖",0,"",0,0,1,0,0,False,"","ui/icon/023000/023103.tex","",1,1,"父与子的宿命",3,"normal/item_start",0
2001683,"安祖的巢",0,"",0,0,1,0,0,False,"","ui/icon/052000/052191.tex","",3,1,"摘除候鸟巢穴",0,"normal/item_start",0
2001684,"古旧甲胄的碎片",0,"",0,0,1,0,0,False,"","ui/icon/020000/020903.tex","",1,1,"真实身份",0,"normal/item_start",0
2001685,"散落的遗物",0,"",0,0,1,0,0,False,"","ui/icon/021000/021002.tex","",3,1,"勇敢之心孕育出的东西",0,"normal/item_start",0
2001686,"角尊的密信",0,"",0,0,1,0,0,False,"","ui/icon/026000/026151.tex","",1,1,"不净之物",0,"normal/item_start",0
2001687,"死灵肉片",0,"",0,0,1,0,0,False,"","ui/icon/023000/023001.tex","",1,1,"否定我的人",0,"normal/item_start",0
2001688,"死灵肉片",0,"",0,0,1,0,0,False,"","ui/icon/023000/023001.tex","",1,1,"困惑的角尊",0,"normal/item_start",0
2001689,"铸甲匠行会的礼物",0,"",0,0,1,0,0,False,"","ui/icon/026000/026108.tex","",1,1,"同伴的意义",3,"normal/item_start",0
2001690,"成熟的果实",0,"",0,0,1,0,0,False,"","ui/icon/025000/025308.tex","",5,1,"欢迎加入田园郡",0,"normal/item_start",0
2001691,"牛羚魔眼",0,"",0,0,1,0,0,False,"","ui/icon/021000/021280.tex","",3,1,"钓鱼需要好鱼饵？",0,"normal/item_start",0
2001692,"废品袋",0,"",0,0,1,0,0,False,"","ui/icon/026000/026110.tex","",4,1,"破烂也有用",0,"normal/item_start",0
2001693,"纳布芮依的嫩叶",0,"",0,0,1,0,0,False,"","ui/icon/025000/025202.tex","",8,1,"面具中的秘密",0,"normal/item_start",0
2001694,"钓饵袋",0,"",0,0,1,0,0,False,"","ui/icon/025000/025919.tex","",1,1,"钓鱼需要用对鱼饵？",0,"normal/item_start",0
2001695,"钓饵的货款",0,"",0,0,1,0,0,False,"","ui/icon/026000/026110.tex","",1,1,"钓鱼需要用对鱼饵？",0,"normal/item_start",0
2001696,"地脉分配结晶",0,"",0,0,1,0,0,False,"","ui/icon/020000/020015.tex","",3,1,"维护以太之光",0,"normal/item_start",0
2001697,"奥恩飞鸢的羽毛",0,"",0,0,1,0,0,False,"","ui/icon/021000/021901.tex","",5,1,"最后的调查",0,"normal/item_start",0
2001698,"太阳熊肉",0,"",0,0,1,0,0,False,"","ui/icon/025000/025153.tex","",5,1,"钓鱼需要填饱肚子？",0,"normal/item_start",0
2001699,"装有被盗物品的货箱",0,"",0,0,1,0,0,False,"","ui/icon/021000/021002.tex","",1,1,"人类的罪孽",0,"normal/item_start",0
2001700,"初级兵团怪物通缉令",0,"",0,0,1,0,0,False,"","ui/icon/025000/025941.tex","任务道具",1,4,,0,"normal/item_start",0
2001701,"中级兵团怪物通缉令",0,"",0,0,1,0,0,False,"","ui/icon/025000/025942.tex","任务道具",1,4,,0,"normal/item_start",0
2001702,"高级兵团怪物通缉令",0,"",0,0,1,0,0,False,"","ui/icon/025000/025943.tex","任务道具",1,4,,0,"normal/item_start",0
2001703,"兵团恶名精英通缉令",0,"",0,0,1,0,0,False,"","ui/icon/025000/025944.tex","任务道具",1,4,,0,"normal/item_start",0
2001704,"塞文利安的鉴定书",0,"",0,0,1,0,0,False,"","ui/icon/026000/026171.tex","",1,1,"无心插柳的工作",0,"normal/item_start",0
2001705,"摩杜纳的暗号地图",0,"",0,0,1,0,0,False,"","ui/icon/026000/026151.tex","",1,1,"明心眼亮的老板",0,"normal/item_start",0
2001706,"亚拉戈的锡杖",0,"",0,0,1,0,0,False,"","ui/icon/032000/032839.tex","",1,1,"慧心妙舌的女子",0,"normal/item_start",0
2001707,"失踪者的日记",0,"",0,0,1,0,0,False,"","ui/icon/026000/026002.tex","",1,1,"处心积虑的犯罪",0,"normal/item_start",0
2001708,"塞文利安的试剂",0,"",0,0,1,0,0,False,"","ui/icon/021000/021006.tex","",1,1,"人心所向的结局",0,"normal/item_start",0
2001709,"杰尔凡家的宝剑",0,"",0,0,1,0,0,False,"","ui/icon/030000/030503.tex","",1,1,"宝剑与名匠",0,"normal/item_start",0
2001710,"天鹅念锁",0,"",0,0,1,0,0,False,"","ui/icon/054000/054830.tex","",1,1,"名匠与英雄",0,"normal/item_start",0
2001711,"陶瓷制货箱",0,"",0,0,1,0,0,False,"","ui/icon/021000/021002.tex","",5,1,"不成熟的帝国技术",0,"normal/item_start",0
2001712,"雷波干扰器",0,"",0,0,1,0,0,False,"","ui/icon/021000/021002.tex","任务道具",3,1,"阻碍电波的恶作剧",3,"normal/item_start",0
2001713,"捐赠用棉线",0,"",0,0,1,0,0,False,"","ui/icon/021000/021656.tex","",1,1,"顽固的母亲",0,"normal/item_start",0
2001714,"装钱的皮包",0,"",0,0,1,0,0,False,"","ui/icon/025000/025919.tex","任务道具",1,1,"开拓新客户",3,"normal/item_start",0
2001715,"皇都商人",0,"",0,0,1,0,0,False,"","ui/icon/025000/025906.tex","任务道具",1,1,"开拓新客户",3,"normal/item_start",0
2001716,"给盖娃的信",0,"",0,0,1,0,0,False,"","ui/icon/025000/025918.tex","任务道具",1,1,"无尽的野心",3,"normal/item_start",0
2001717,"行会的样本",0,"",0,0,1,0,0,False,"","ui/icon/026000/026110.tex","任务道具",1,1,"崭露头角的商会",3,"normal/item_start",0
2001718,"给艾蕾兹的信",0,"",0,0,1,0,0,False,"","ui/icon/025000/025918.tex","任务道具",1,1,"划时代的新商品",3,"normal/item_start",0
2001719,"样品靴",0,"",0,0,1,0,0,False,"","ui/icon/046000/046522.tex","任务道具",1,1,"宣传大作战",3,"normal/item_start",0
2001720,"经常使用的钓竿",0,"",0,0,1,0,0,False,"","ui/icon/038000/038202.tex","",1,1,"回归故乡",0,"normal/item_start",0
2001721,"发光的钓竿",0,"",0,0,1,0,0,False,"","ui/icon/038000/038212.tex","",1,1,"最后的乐园",0,"normal/item_start",0
2001722,"皮耶里万的乐谱",0,"",0,0,1,0,0,False,"","ui/icon/026000/026182.tex","任务道具",1,1,"交错之心",3,"normal/item_start",0
2001723,"特制烟雾弹",0,"",0,0,1,0,0,False,"","ui/icon/026000/026015.tex","任务道具",3,1,"国与宝",3,"normal/item_start",0
2001724,"装硬币的皮袋",0,"",0,0,1,0,0,False,"","ui/icon/025000/025919.tex","任务道具",1,1,"冰与命",0,"normal/item_start",0
2001725,"睡眠香",0,"",0,0,1,0,0,False,"","ui/icon/025000/025919.tex","任务道具",1,1,"圆与缺",3,"normal/item_start",0
2001726,"采矿工行会的密封信",0,"",0,0,1,0,0,False,"","ui/icon/026000/026177.tex","",1,1,"新的开始",0,"normal/item_start",0
2001727,"钛矿样品",0,"",0,0,1,0,0,False,"","ui/icon/021000/021222.tex","",1,1,"寻找稀有矿脉",0,"normal/item_start",0
2001728,"未知矿石",0,"",0,0,1,0,0,False,"","ui/icon/021000/021223.tex","",3,1,"深度挖掘",0,"normal/item_start",0
2001729,"佣兵团的皮袋",0,"",0,0,1,0,0,False,"","ui/icon/025000/025919.tex","",1,1,"再次踏上旅途",0,"normal/item_start",0
2001730,"红银矿",0,"",0,0,1,0,0,False,"","ui/icon/021000/021452.tex","",3,1,"追寻真相",0,"normal/item_start",0
2001731,"近卫骑士的头冠",0,"",0,0,1,0,0,False,"","ui/icon/040000/040617.tex","",1,1,"心中圣剑",0,"normal/item_start",0
2001732,"☓未使用",0,"",0,0,1,0,0,False,"","ui/icon/045000/045192.tex","",1,1,,0,"normal/item_start",0
2001733,"近卫骑士的笼手",0,"",0,0,1,0,0,False,"","ui/icon/048000/048340.tex","",1,1,"消灭毒蝎",0,"normal/item_start",0
2001734,"被夺走的物资",0,"",0,0,1,0,0,False,"","ui/icon/026000/026316.tex","",1,1,"物资的去向",0,"normal/item_start",0
2001735,"白隼羽毛饰品",0,"",0,0,1,0,0,False,"","ui/icon/021000/021908.tex","",1,1,"物资的去向",0,"normal/item_start",0
2001736,"隼巢的生活用具",0,"",0,0,1,0,0,False,"","ui/icon/026000/026316.tex","",3,1,"沉睡于雪中的回忆",0,"normal/item_start",0
2001737,"放有酒瓶的木箱",0,"",0,0,1,0,0,False,"","ui/icon/021000/021003.tex","",1,1,"流行病与烹调师",0,"normal/item_start",0
2001738,"有异味的酒瓶",0,"",0,0,1,0,0,False,"","ui/icon/025000/025057.tex","",1,1,"流行病与烹调师",0,"normal/item_start",0
2001739,"有异味的酒瓶",0,"",0,0,1,0,0,False,"","ui/icon/025000/025057.tex","",1,1,"美酒穿肠",0,"normal/item_start",0
2001740,"雷德沃尔德的信",0,"",0,0,1,0,0,False,"","ui/icon/026000/026151.tex","",1,1,"古人的智慧",0,"normal/item_start",0
2001741,"小火种",0,"",0,0,1,0,0,False,"","ui/icon/025000/025911.tex","任务道具",1,1,"古人的智慧",3,"normal/item_start",0
2001742,"非常香的香草",0,"",0,0,1,0,0,False,"","ui/icon/025000/025009.tex","任务道具",1,1,"古人的智慧",3,"normal/item_start",0
2001743,"怪鸟的血液",0,"",0,0,1,0,0,False,"","ui/icon/022000/022601.tex","",1,1,"古人的智慧",0,"normal/item_start",0
2001744,"满是伤痕的骨头",0,"",0,0,1,0,0,False,"","ui/icon/022000/022201.tex","",1,1,"云海的骑兵与奇妙的侦察",0,"normal/item_start",0
2001745,"满是伤痕的骨头",0,"",0,0,1,0,0,False,"","ui/icon/022000/022201.tex","",1,1,"得偿所愿的骑兵",0,"normal/item_start",0
2001746,"火尾飞蜥鳞",0,"",0,0,1,0,0,False,"","ui/icon/022000/022251.tex","",1,1,"觉醒的龙之心",0,"normal/item_start",0
2001747,"神蜥蜴瓦吉特鳞",0,"",0,0,1,0,0,False,"","ui/icon/022000/022252.tex","",1,1,"觉醒的龙之心",0,"normal/item_start",0
2001748,"龙牙",0,"",0,0,1,0,0,False,"","ui/icon/022000/022303.tex","",1,1,"冷血的猎龙者",0,"normal/item_start",0
2001749,"战死者的遗物",0,"",0,0,1,0,0,False,"","ui/icon/021000/021002.tex","",5,1,"失意的猎龙者",0,"normal/item_start",0
2001750,"龙牙",0,"",0,0,1,0,0,False,"","ui/icon/022000/022303.tex","",1,1,"焦躁的猎龙者",0,"normal/item_start",0
2001751,"飞龙骨",0,"",0,0,1,0,0,False,"","ui/icon/022000/022202.tex","任务道具",1,1,"无尽的战斗",3,"normal/item_start",0
2001752,"清水南加的尾肉",0,"",0,0,1,0,0,False,"","ui/icon/025000/025155.tex","任务道具",1,1,"狩猎的诀窍",3,"normal/item_start",0
2001753,"地鱼肉",0,"",0,0,1,0,0,False,"","ui/icon/029000/029002.tex","",1,1,"狩猎的诀窍",0,"normal/item_start",0
2001754,"洛夫坦山羊肩里脊",0,"",0,0,1,0,0,False,"","ui/icon/025000/025152.tex","",1,1,"恐怖的人类",0,"normal/item_start",0
2001755,"肮脏的石板",0,"",0,0,1,0,0,False,"","ui/icon/026000/026201.tex","",1,1,"千里寻方",0,"normal/item_start",0
2001756,"×未使用",0,"",0,0,1,0,0,False,"","ui/icon/025000/025156.tex","",1,1,,0,"normal/item_start",0
2001757,"飞龙草",0,"",0,0,1,0,0,False,"","ui/icon/025000/025004.tex","",2,1,"疼痛疼痛飞走了！",0,"normal/item_start",0
2001758,"飞龙草药液",0,"",0,0,1,0,0,False,"","ui/icon/020000/020667.tex","任务道具",1,1,"疼痛疼痛飞走了！",3,"normal/item_start",0
2001759,"肮脏的石板",0,"",0,0,1,0,0,False,"","ui/icon/026000/026201.tex","",1,1,"疼痛疼痛飞走了！",0,"normal/item_start",0
2001760,"奇纳哈尔鸟妖的喙",0,"",0,0,1,0,0,False,"","ui/icon/022000/022301.tex","",1,1,"成长计划",0,"normal/item_start",0
2001761,"鞣革制缰绳",0,"",0,0,1,0,0,False,"","ui/icon/021000/021002.tex","任务道具",1,1,"有价值的东西",3,"normal/item_start",0
2001762,"古鸟革制的宝物地图",0,"",0,0,1,0,0,False,"","ui/icon/026000/026151.tex","任务道具",1,2,,0,"normal/item_start",0
2001763,"飞龙革制的宝物地图",0,"",0,0,1,0,0,False,"","ui/icon/026000/026151.tex","任务道具",1,2,,0,"normal/item_start",0
2001764,"巨龙革制的宝物地图",0,"",0,0,1,0,0,False,"","ui/icon/026000/026151.tex","任务道具",1,2,,0,"normal/item_start",0
2001765,"云顶菇",0,"",0,0,1,0,0,False,"","ui/icon/025000/025405.tex","",1,1,"传达不到的热情",0,"normal/item_start",0
2001766,"桑松的笔记",0,"",0,0,1,0,0,False,"","ui/icon/026000/026169.tex","任务道具",1,1,"终焉的战歌",3,"normal/item_start",0
2001767,"以太之晶碎片",0,"",0,0,1,0,0,False,"","ui/icon/020000/020009.tex","",1,1,"第一个愿望",0,"normal/item_start",0
2001768,"干净的泉水",0,"",0,0,1,0,0,False,"","ui/icon/022000/022637.tex","",1,1,"第二个渴望",0,"normal/item_start",0
2001769,"鹤嘴镐",0,"",0,0,1,0,0,False,"","ui/icon/038000/038003.tex","",1,1,"回收道具哥布！",0,"normal/item_start",0
2001770,"德利普威克斯的笔记",0,"",0,0,1,0,0,False,"","ui/icon/026000/026166.tex","",1,1,"夺回笔记本哥布！",0,"normal/item_start",0
2001771,"借出记录账本",0,"",0,0,1,0,0,False,"","ui/icon/026000/026169.tex","",1,1,"有规矩了哥布！",0,"normal/item_start",0
2001772,"画有边境线的地图",0,"",0,0,1,0,0,False,"","ui/icon/026000/026179.tex","",1,1,"有规矩了哥布！",0,"normal/item_start",0
2001773,"毛爬虫肉",0,"",0,0,1,0,0,False,"","ui/icon/029000/029001.tex","任务道具",1,1,"饥不择食的二人",2,"normal/item_start",0
2001774,"烤毛爬虫肉",0,"",0,0,1,0,0,False,"","ui/icon/024000/024352.tex","",1,1,"饥不择食的二人",0,"normal/item_start",0
2001775,"牛肉干",0,"",0,0,1,0,0,False,"","ui/icon/024000/024353.tex","",1,1,"饥不择食的二人",0,"normal/item_start",0
2001776,"哥布林族药茶",0,"",0,0,1,0,0,False,"","ui/icon/024000/024405.tex","任务道具",2,1,"饥不择食的二人",2,"normal/item_start",0
2001777,"给诺奇德·伯恩的信",0,"",0,0,1,0,0,False,"","ui/icon/025000/025918.tex","",1,1,"爱护同伴哥布！",0,"normal/item_start",0
2001778,"有田园郡印的信封",0,"",0,0,1,0,0,False,"","ui/icon/026000/026178.tex","",1,1,"爱护同伴哥布！",0,"normal/item_start",0
2001779,"文件信封",0,"",0,0,1,0,0,False,"","ui/icon/026000/026178.tex","",1,1,"爱护同伴哥布！",0,"normal/item_start",0
2001780,"库啵果",0,"",0,0,1,0,0,False,"","ui/icon/025000/025311.tex","",1,1,"勇敢的心",0,"normal/item_start",0
2001781,"库啵果",0,"",0,0,1,0,0,False,"","ui/icon/025000/025311.tex","",4,1,"散落的礼物",0,"normal/item_start",0
2001782,"库啵果",0,"",0,0,1,0,0,False,"","ui/icon/025000/025311.tex","",1,1,"绝对拟态",0,"normal/item_start",0
2001783,"黑色羽毛",0,"",0,0,1,0,0,False,"","ui/icon/021000/021903.tex","",2,1,"绝对拟态",0,"normal/item_start",0
2001784,"给利迪尔隆娜的介绍信",0,"",0,0,1,0,0,False,"","ui/icon/026000/026175.tex","",1,1,"一流工匠的新工作",0,"normal/item_start",0
2001785,"给奥尔德兰的介绍信",0,"",0,0,1,0,0,False,"","ui/icon/026000/026172.tex","",1,1,"专家之路",0,"normal/item_start",0
2001786,"给酷酷萨姆的介绍信",0,"",0,0,1,0,0,False,"","ui/icon/026000/026171.tex","",1,1,"生命、精选，另一个答案",0,"normal/item_start",0
2001787,"给盖姆隆娜的介绍信",0,"",0,0,1,0,0,False,"","ui/icon/026000/026173.tex","",1,1,"打开新世界的大门",0,"normal/item_start",0
2001788,"龙堡古钱",0,"",0,0,1,0,0,False,"","ui/icon/025000/025917.tex","",99,1,,0,"normal/item_start",0
2001789,"蜡烛菇",0,"",0,0,1,0,0,False,"","ui/icon/025000/025406.tex","",5,1,"狩猎一族之子",0,"normal/item_start",0
2001790,"特制野菜",0,"",0,0,1,0,0,False,"","ui/icon/025000/025218.tex","任务道具",1,1,"崭露头角的天赋",1,"normal/item_start",0
2001791,"龙堡百合",0,"",0,0,1,0,0,False,"","ui/icon/026000/026024.tex","",1,1,"第三个搭档",0,"normal/item_start",0
2001792,"魏吉的试剂",0,"",0,0,1,0,0,False,"","ui/icon/022000/022210.tex","任务道具",1,1,"迈向毁灭",3,"normal/item_start",0
2001793,"神秘的辉石",0,"",0,0,1,0,0,False,"","ui/icon/020000/020401.tex","",1,1,"迈向毁灭",0,"normal/item_start",0
2001794,"古书的一部分",0,"",0,0,1,0,0,False,"","ui/icon/026000/026151.tex","",99,1,,0,"normal/item_start",0
2001796,"神秘试验装置",0,"",0,0,1,0,0,False,"","ui/icon/026000/026271.tex","",99,1,,0,"normal/item_start",0
2001797,"迪迪阿恩的传单",0,"",0,0,1,0,0,False,"","ui/icon/026000/026193.tex","",3,1,"初来乍到的二人",0,"normal/item_start",0
2001798,"制革匠行会的皮袋",0,"",0,0,1,0,0,False,"","ui/icon/025000/025919.tex","",1,1,"雅·修特拉",0,"normal/item_start",0
2001799,"幻术师行会的布袋",0,"",0,0,1,0,0,False,"","ui/icon/026000/026111.tex","",1,1,"雅·修特拉",0,"normal/item_start",0
2001800,"睡眠香的货款",0,"",0,0,1,0,0,False,"","ui/icon/025000/025919.tex","任务道具",1,1,"圆与缺",0,"normal/item_start",0
2001801,"热葡萄酒",0,"",0,0,1,0,0,False,"","ui/icon/025000/025057.tex","",1,1,"醉生梦死",0,"normal/item_start",0
2001802,"陆行鸟的饲料",0,"",0,0,1,0,0,False,"","ui/icon/022000/022634.tex","",1,1,"皇都的文化",0,"normal/item_start",0
2001803,"废柴捆",0,"",0,0,1,0,0,False,"","ui/icon/052000/052113.tex","",1,1,"生命的温度",0,"normal/item_start",0
2001804,"晚餐会请柬",0,"",0,0,1,0,0,False,"","ui/icon/026000/026182.tex","",3,1,"四大名家的晚餐会",0,"normal/item_start",0
2001805,"战神的宗教画",0,"",0,0,1,0,0,False,"","ui/icon/026000/026109.tex","",1,1,"三缄其口",0,"normal/item_start",0
2001806,"玫瑰香情书",0,"",0,0,1,0,0,False,"","ui/icon/026000/026174.tex","",1,1,"红叶传情",0,"normal/item_start",0
2001807,"烧焦的战旗",0,"",0,0,1,0,0,False,"","ui/icon/021000/021615.tex","",1,1,"战旗所述的夕阳",0,"normal/item_start",0
2001808,"热乎乎的汤",0,"",0,0,1,0,0,False,"","ui/icon/024000/024110.tex","",1,1,"暖心的热汤",0,"normal/item_start",0
2001809,"肮脏的麻袋",0,"",0,0,1,0,0,False,"","ui/icon/026000/026110.tex","",1,1,"小小生命的小小愿望",0,"normal/item_start",0
2001810,"风水破魔石",0,"",0,0,1,0,0,False,"","ui/icon/020000/020244.tex","",1,1,"登峰造极的云神俾斯麦",0,"normal/item_start",0
2001811,"炎土破魔石",0,"",0,0,1,0,0,False,"","ui/icon/020000/020248.tex","",1,1,"登峰造极的武神罗波那",0,"normal/item_start",0
2001812,"山羊胸肉",0,"",0,0,1,0,0,False,"","ui/icon/025000/025152.tex","任务道具",1,1,"悲鸣之声",3,"normal/item_start",0
2001813,"被夺走的商品",0,"",0,0,1,0,0,False,"","ui/icon/052000/052546.tex","",1,1,"与世为敌",0,"normal/item_start",0
2001814,"41式魔导螺旋仪",0,"",0,0,1,0,0,False,"","ui/icon/021000/021003.tex","",1,1,"兵器研发",3,"normal/item_start",0
2001815,"艾因哈特家的货物",0,"",0,0,1,0,0,False,"","ui/icon/025000/025919.tex","任务道具",1,1,"血染沙滩",3,"normal/item_start",0
2001816,"魔导兵器备用部件",0,"",0,0,1,0,0,False,"","ui/icon/021000/021003.tex","",3,1,"崩坏！青年的理想",3,"normal/item_start",0
2001817,"泽梅尔家的印章",0,"",0,0,1,0,0,False,"","ui/icon/026000/026151.tex","",1,1,"挽回！败者的真相",3,"normal/item_start",0
2001818,"高纯度雷之水晶",0,"",0,0,1,0,0,False,"","ui/icon/020000/020011.tex","",2,1,"包围！缜密的谋略",3,"normal/item_start",0
2001819,"给教皇厅的推荐信",0,"",0,0,1,0,0,False,"","ui/icon/026000/026151.tex","",1,1,"智慧之水瓶",3,"normal/item_start",0
2001820,"飞行计划书",0,"",0,0,1,0,0,False,"","ui/icon/026000/026151.tex","",1,1,"试飞计划",0,"normal/item_start",0
2001821,"有洞的硬币袋",0,"",0,0,1,0,0,False,"","ui/icon/025000/025919.tex","",1,1,"女商人的陷阱",0,"normal/item_start",0
2001822,"结实的火山岩",0,"",0,0,1,0,0,False,"","ui/icon/021000/021451.tex","任务道具",99,1,,0,"normal/item_start",0
2001823,"沉重的火山岩",0,"",0,0,1,0,0,False,"","ui/icon/021000/021451.tex","任务道具",99,1,,0,"normal/item_start",0
2001824,"监视塔用石材",0,"",0,0,1,0,0,False,"","ui/icon/021000/021470.tex","任务道具",99,1,,0,"normal/item_start",0
2001825,"结实的石材",0,"",0,0,1,0,0,False,"","ui/icon/021000/021470.tex","任务道具",99,1,,0,"normal/item_start",0
2001826,"风化的石材",0,"",0,0,1,0,0,False,"","ui/icon/021000/021470.tex","任务道具",99,1,,0,"normal/item_start",0
2001827,"异端风格的石材",0,"",0,0,1,0,0,False,"","ui/icon/021000/021470.tex","任务道具",99,1,,0,"normal/item_start",0
2001828,"遗迹的石材",0,"",0,0,1,0,0,False,"","ui/icon/021000/021470.tex","任务道具",99,1,,0,"normal/item_start",0
2001829,"数枪矿",0,"",0,0,1,0,0,False,"","ui/icon/021000/021477.tex","任务道具",99,1,,0,"normal/item_start",0
2001830,"优质的星蓝石原石",0,"",0,0,1,0,0,False,"","ui/icon/021000/021472.tex","任务道具",99,1,,0,"normal/item_start",0
2001831,"云海岩石",0,"",0,0,1,0,0,False,"","ui/icon/021000/021453.tex","任务道具",99,1,,0,"normal/item_start",0
2001832,"云海泥土",0,"",0,0,1,0,0,False,"","ui/icon/022000/022634.tex","任务道具",99,1,,0,"normal/item_start",0
2001833,"苍天沙",0,"",0,0,1,0,0,False,"","ui/icon/021000/021218.tex","任务道具",99,1,,0,"normal/item_start",0
2001834,"光泽暗淡的箭头",0,"",0,0,1,0,0,False,"","ui/icon/027000/027241.tex","任务道具",99,1,,0,"normal/item_start",0
2001835,"满是泥的古钱",0,"",0,0,1,0,0,False,"","ui/icon/025000/025917.tex","任务道具",99,1,,0,"normal/item_start",0
2001836,"亚战神矿",0,"",0,0,1,0,0,False,"","ui/icon/021000/021202.tex","任务道具",99,1,,0,"normal/item_start",0
2001837,"云海沙",0,"",0,0,1,0,0,False,"","ui/icon/021000/021459.tex","任务道具",99,1,,0,"normal/item_start",0
2001838,"大块云海轻石",0,"",0,0,1,0,0,False,"","ui/icon/021000/021251.tex","任务道具",99,1,,0,"normal/item_start",0
2001839,"小块云海轻石",0,"",0,0,1,0,0,False,"","ui/icon/021000/021251.tex","任务道具",99,1,,0,"normal/item_start",0
2001840,"优质的小刀矿",0,"",0,0,1,0,0,False,"","ui/icon/021000/021208.tex","任务道具",99,1,,0,"normal/item_start",0
2001841,"小刀矿",0,"",0,0,1,0,0,False,"","ui/icon/021000/021208.tex","任务道具",99,1,,0,"normal/item_start",0
2001842,"透明的水晶",0,"",0,0,1,0,0,False,"","ui/icon/020000/020019.tex","任务道具",99,1,,0,"normal/item_start",0
2001843,"废都的建材",0,"",0,0,1,0,0,False,"","ui/icon/021000/021003.tex","任务道具",99,1,,0,"normal/item_start",0
2001844,"陈旧的建材",0,"",0,0,1,0,0,False,"","ui/icon/021000/021003.tex","任务道具",99,1,,0,"normal/item_start",0
2001845,"优质的红玉草根",0,"",0,0,1,0,0,False,"","ui/icon/025000/025005.tex","任务道具",99,1,,0,"normal/item_start",0
2001846,"红玉草根",0,"",0,0,1,0,0,False,"","ui/icon/025000/025005.tex","任务道具",99,1,,0,"normal/item_start",0
2001847,"圣人草",0,"",0,0,1,0,0,False,"","ui/icon/025000/025015.tex","任务道具",99,1,,0,"normal/item_start",0
2001848,"库尔札斯雪松木",0,"",0,0,1,0,0,False,"","ui/icon/022000/022415.tex","任务道具",99,1,,0,"normal/item_start",0
2001849,"库尔札斯雪松枝",0,"",0,0,1,0,0,False,"","ui/icon/022000/022416.tex","任务道具",99,1,,0,"normal/item_start",0
2001850,"优质的龙胆",0,"",0,0,1,0,0,False,"","ui/icon/025000/025002.tex","任务道具",99,1,,0,"normal/item_start",0
2001851,"龙胆",0,"",0,0,1,0,0,False,"","ui/icon/025000/025002.tex","任务道具",99,1,,0,"normal/item_start",0
2001852,"利克瓦兹草",0,"",0,0,1,0,0,False,"","ui/icon/025000/025023.tex","任务道具",99,1,,0,"normal/item_start",0
2001853,"七天树根",0,"",0,0,1,0,0,False,"","ui/icon/025000/025005.tex","任务道具",99,1,,0,"normal/item_start",0
2001854,"神秘草",0,"",0,0,1,0,0,False,"","ui/icon/025000/025008.tex","任务道具",99,1,,0,"normal/item_start",0
2001855,"奇妙草",0,"",0,0,1,0,0,False,"","ui/icon/025000/025008.tex","任务道具",99,1,,0,"normal/item_start",0
2001856,"古代蒲公英",0,"",0,0,1,0,0,False,"","ui/icon/025000/025029.tex","任务道具",99,1,,0,"normal/item_start",0
2001857,"野草残渣",0,"",0,0,1,0,0,False,"","ui/icon/025000/025029.tex","任务道具",99,1,,0,"normal/item_start",0
2001858,"翻云雾海的野草",0,"",0,0,1,0,0,False,"","ui/icon/025000/025008.tex","任务道具",99,1,,0,"normal/item_start",0
2001859,"巨大球蓟",0,"",0,0,1,0,0,False,"","ui/icon/025000/025220.tex","任务道具",99,1,,0,"normal/item_start",0
2001860,"蓝云花",0,"",0,0,1,0,0,False,"","ui/icon/025000/025030.tex","任务道具",99,1,,0,"normal/item_start",0
2001861,"飘香花蜜",0,"",0,0,1,0,0,False,"","ui/icon/025000/025102.tex","任务道具",99,1,,0,"normal/item_start",0
2001862,"甘甜花蜜",0,"",0,0,1,0,0,False,"","ui/icon/025000/025102.tex","任务道具",99,1,,0,"normal/item_start",0
2001863,"黑雪松木",0,"",0,0,1,0,0,False,"","ui/icon/022000/022415.tex","任务道具",99,1,,0,"normal/item_start",0
2001864,"黑雪松枝",0,"",0,0,1,0,0,False,"","ui/icon/022000/022416.tex","任务道具",99,1,,0,"normal/item_start",0
2001865,"沙利亚克之指",0,"",0,0,1,0,0,False,"","ui/icon/025000/025005.tex","任务道具",99,1,,0,"normal/item_start",0
2001866,"优质的树苗枝",0,"",0,0,1,0,0,False,"","ui/icon/022000/022416.tex","任务道具",99,1,,0,"normal/item_start",0
2001867,"树苗枝",0,"",0,0,1,0,0,False,"","ui/icon/022000/022416.tex","任务道具",99,1,,0,"normal/item_start",0
2001868,"妖异全集«假面怪物»之页",0,"",0,0,1,0,0,False,"","ui/icon/026000/026151.tex","",99,1,,0,"normal/item_start",0
2001869,"妖异全集«青眼怪物»之页",0,"",0,0,1,0,0,False,"","ui/icon/026000/026151.tex","",99,1,,0,"normal/item_start",0
2001870,"臭臭弹",0,"",0,0,1,0,0,False,"","ui/icon/027000/027009.tex","任务道具",99,1,,3,"normal/item_start",0
2001871,"坚硬龙鳞",0,"",0,0,1,0,0,False,"","ui/icon/022000/022251.tex","",99,1,,0,"normal/item_start",0
2001872,"冠恐鸟胸肉",0,"",0,0,1,0,0,False,"","ui/icon/025000/025153.tex","任务道具",99,1,,3,"normal/item_start",0
2001873,"上等肥料",0,"",0,0,1,0,0,False,"","ui/icon/027000/027501.tex","",99,1,,0,"normal/item_start",0
2001874,"冠恐鸟羽毛",0,"",0,0,1,0,0,False,"","ui/icon/021000/021907.tex","",3,1,"骑士与少女",0,"normal/item_start",0
2001875,"格伦阿穆花",0,"",0,0,1,0,0,False,"","ui/icon/025000/025023.tex","",1,1,"真相大白",0,"normal/item_start",0
2001876,"嘭嘭草",0,"",0,0,1,0,0,False,"","ui/icon/025000/025357.tex","",4,1,"奥义的答案",0,"normal/item_start",0
2001877,"泉水核心",0,"",0,0,1,0,0,False,"","ui/icon/022000/022614.tex","",99,1,,0,"normal/item_start",0
2001878,"赛伦蒂碧提的密封信",0,"",0,0,1,0,0,False,"","ui/icon/026000/026174.tex","",1,1,"交错之心",0,"normal/item_start",0
2001879,"刺客的书信",0,"",0,0,1,0,0,False,"","ui/icon/026000/026181.tex","",1,1,"冰枪的试炼",0,"normal/item_start",0
2001880,"装有上缴金的皮袋",0,"",0,0,1,0,0,False,"","ui/icon/025000/025919.tex","任务道具",1,1,"开拓新客户",3,"normal/item_start",0
2001882,"全新系统装置",0,"",0,0,1,0,0,False,"","ui/icon/059000/059542.tex","",1,1,"博物战舰无限回廊",0,"normal/item_start",0
2001883,"冰枪石",0,"",0,0,1,0,0,False,"","ui/icon/021000/021291.tex","",1,1,"冰雪废堡暮卫塔",0,"normal/item_start",0
2001884,"招雷巨蛇鳞",0,"",0,0,1,0,0,False,"","ui/icon/022000/022252.tex","",1,1,"空中神域不获岛",0,"normal/item_start",0
2001885,"野生陆行鸟的羽毛",0,"",0,0,1,0,0,False,"","ui/icon/021000/021901.tex","",99,1,,0,"normal/item_start",0
2001886,"风脉仪",0,"",0,0,1,0,0,False,"","ui/icon/000000/000787.tex","",1,5,,0,"normal/item_start",0
2001887,"灯塔钥匙",0,"",0,0,1,0,0,False,"","ui/icon/025000/025904.tex","任务道具",1,1,,0,"normal/item_start",0
2001888,"地灵军钥匙",0,"",0,0,1,0,0,False,"","ui/icon/025000/025904.tex","任务道具",1,1,,0,"normal/item_start",0
2001889,"新鲜的黑线鳕",0,"",0,0,1,0,0,False,"","ui/icon/029000/029012.tex","",1,1,"红莲节特产（捕鱼篇）",0,"normal/item_start",0
2001890,"故障虫的碎片",0,"",0,0,1,0,0,False,"","ui/icon/020000/020956.tex","",1,1,"向夜空祈祷",3,"normal/item_start",0
2001891,"匠师的笔记",0,"",0,0,1,0,0,False,"","ui/icon/025000/025906.tex","",1,1,"向夜空祈祷",3,"normal/item_start",0
2001895,"海盗的私酿酒",0,"",0,0,1,0,0,False,"","ui/icon/025000/025057.tex","",99,1,,0,"normal/item_start",0
2001896,"奇妙的饼干",0,"",0,0,1,0,0,False,"","ui/icon/024000/024067.tex","",3,1,"奇怪的点心与守护天节",0,"normal/item_start",0
2001897,"魔女扫帚",0,"",0,0,1,0,0,False,"","ui/icon/059000/059471.tex","任务道具",1,1,"奇怪的扫帚与守护天节",3,"normal/item_start",0
2001898,"扫帚的灰",0,"",0,0,1,0,0,False,"","ui/icon/021000/021001.tex","任务道具",1,1,"奇怪的扫帚与守护天节",3,"normal/item_start",0
2001899,"桑克瑞德的肖像画",0,"",0,0,1,0,0,False,"","ui/icon/025000/025906.tex","",1,1,"水晶之眼",3,"normal/item_start",0
2001900,"旧匕首",0,"",0,0,1,0,0,False,"","ui/icon/033000/033801.tex","",1,1,"地脉灵灯天狼星灯塔",0,"normal/item_start",0
2001901,"有伤痕的骨头",0,"",0,0,1,0,0,False,"","ui/icon/022000/022201.tex","任务道具",5,1," 青梅竹马的木匠",3,"normal/item_start",0
2001902,"陈旧的腾云蛇角笛",0,"",0,0,1,0,0,False,"","ui/icon/026000/026038.tex","",1,1," 兄妹之舞",0,"normal/item_start",0
2001903,"优质的阿巴拉提亚岩盐",0,"",0,0,1,0,0,False,"","ui/icon/022000/022261.tex","",1,1," 通往友好的宴会",0,"normal/item_start",0
2001904,"浮岛的野草",0,"",0,0,1,0,0,False,"","ui/icon/025000/025029.tex","",3,1," 令人怀念的菜丸子",0,"normal/item_start",0
2001905,"特制菜丸子",0,"",0,0,1,0,0,False,"","ui/icon/027000/027011.tex","",1,1," 令人怀念的菜丸子",0,"normal/item_start",0
2001906,"柴火",0,"",0,0,1,0,0,False,"","ui/icon/052000/052113.tex","",1,1," 令人怀念的菜丸子",0,"normal/item_start",0
2001907,"温杜族的食品罐",0,"",0,0,1,0,0,False,"","ui/icon/022000/022852.tex","",4,1," 收取使用费",0,"normal/item_start",0
2001908,"泉水水晶",0,"",0,0,1,0,0,False,"","ui/icon/020000/020008.tex","",3,1," 水晶之水，不可代替",0,"normal/item_start",0
2001909,"瓦魔蛾幼虫嫩肉",0,"",0,0,1,0,0,False,"","ui/icon/027000/027015.tex","",2,1," 视羽如命的瓦努族",0,"normal/item_start",0
2001910,"尊杜制梳子",0,"",0,0,1,0,0,False,"","ui/icon/022000/022623.tex","",1,1," 视羽如命的瓦努族",0,"normal/item_start",0
2001911,"松软的土",0,"",0,0,1,0,0,False,"","ui/icon/021000/021464.tex","",3,1," 传承之土，耕耘之魂",0,"normal/item_start",0
2001912,"蠕动的虫子",0,"",0,0,1,0,0,False,"","ui/icon/027000/027006.tex","任务道具",1,1," 鸟与钉子",3,"normal/item_start",0
2001913,"奇纳哈尔鸟妖筋腱",0,"",0,0,1,0,0,False,"","ui/icon/025000/025151.tex","",2,1," 鸟与钉子",0,"normal/item_start",0
2001914,"战神钢钉",0,"",0,0,1,0,0,False,"","ui/icon/021000/021008.tex","",1,1," 鸟与钉子",0,"normal/item_start",0
2001915,"人形岩硬石",0,"",0,0,1,0,0,False,"","ui/icon/021000/021210.tex","",2,1," 瓦努采石忙",0,"normal/item_start",0
2001916,"长颈驼的长腿骨",0,"",0,0,1,0,0,False,"","ui/icon/022000/022202.tex","",2,1," 抽骨作栋梁",0,"normal/item_start",0
2001917,"温杜族的涂料罐",0,"",0,0,1,0,0,False,"","ui/icon/022000/022802.tex","",3,1," 出于温杜，胜于温杜",0,"normal/item_start",0
2001918,"瓦魔蛾茧",0,"",0,0,1,0,0,False,"","ui/icon/021000/021664.tex","",4,1," 小虫茧胜白银",0,"normal/item_start",0
2001919,"离群的风筝猫",0,"",0,0,1,0,0,False,"","ui/icon/059000/059532.tex","",5,1," 放风筝猫",0,"normal/item_start",0
2001920,"鲜艳的柯瑞甘",0,"",0,0,1,0,0,False,"","ui/icon/026000/026110.tex","",4,1," 噪音污染",0,"normal/item_start",0
2001921,"冠恐鸟柔软的羽毛",0,"",0,0,1,0,0,False,"","ui/icon/021000/021907.tex","",3,1," 轻柔的羽毛",0,"normal/item_start",0
2001922,"秘制菜丸子",0,"",0,0,1,0,0,False,"","ui/icon/027000/027011.tex","",3,1," 友好的桥梁",0,"normal/item_start",0
2001923,"活蹦乱跳的猴面雀",0,"",0,0,1,0,0,False,"","ui/icon/026000/026110.tex","",1,1," 不能输的战斗",0,"normal/item_start",0
2001926,"薰风水晶",0,"",0,0,1,0,0,False,"","ui/icon/020000/020004.tex","",3,1," 传承之土，耕耘之魂",0,"normal/item_start",0
2001927,"流泪草",0,"",0,0,1,0,0,False,"","ui/icon/026000/026024.tex","任务道具",1,1," 虚惊一场",3,"normal/item_start",0
2001928,"目之石的碎片",0,"",0,0,1,0,0,False,"","ui/icon/020000/020004.tex","",1,1,"星歌异闻",0,"normal/item_start",0
2001929,"耳之石的碎片",0,"",0,0,1,0,0,False,"","ui/icon/020000/020002.tex","",1,1,"星歌异闻",0,"normal/item_start",0
2001930,"口之石的碎片",0,"",0,0,1,0,0,False,"","ui/icon/020000/020001.tex","",1,1,"星歌异闻",0,"normal/item_start",0
2001931,"安祖蛋",0,"",0,0,1,0,0,False,"","ui/icon/025000/025252.tex","",3,1," 太阳般重要的蛋",0,"normal/item_start",0
2001932,"起床钟和乐谱",0,"",0,0,1,0,0,False,"","ui/icon/026000/026316.tex","",1,1,"星芒钟声为谁响",0,"normal/item_start",0
2001933,"星芒钟和乐谱",0,"",0,0,1,0,0,False,"","ui/icon/021000/021002.tex","",1,1,"星芒钟声为谁响",0,"normal/item_start",0
2001934,"干燥的云海藤",0,"",0,0,1,0,0,False,"","ui/icon/025000/025019.tex","任务道具",5,1," 放风筝猫",3,"normal/item_start",0
2001935,"瓦努族编织袋",0,"",0,0,1,0,0,False,"","ui/icon/026000/026110.tex","任务道具",1,1," 不能输的战斗",3,"normal/item_start",0
2001936,"雪米果",0,"",0,0,1,0,0,False,"","ui/icon/022000/022640.tex","",2,1,"女儿节的雪米果派发",3,"normal/item_start",0
2001937,"长颈驼的胫骨",0,"",0,0,1,0,0,False,"","ui/icon/022000/022202.tex","",2,1," 抽骨作栋梁",0,"normal/item_start",0
2001938,"恋人卡",0,"",0,0,1,0,0,False,"","ui/icon/026000/026174.tex","",3,1,"恋人节缘分占卜",0,"normal/item_start",0
2001939,"被遗忘的卡",0,"",0,0,1,0,0,False,"","ui/icon/026000/026174.tex","",1,1,"恋人节满怀爱意",0,"normal/item_start",0
2001940,"粘粘的降神糕",0,"",0,0,1,0,0,False,"","ui/icon/024000/024015.tex","",99,1,,0,"normal/item_start",0
2001941,"干燥枯草",0,"",0,0,1,0,0,False,"","ui/icon/021000/021653.tex","任务道具",1,1," 视羽如命的瓦努族",3,"normal/item_start",0
2001942,"火神伊弗利特之火",0,"",0,0,1,0,0,False,"","ui/icon/025000/025911.tex","",1,1,"锅嫌壶黑",0,"normal/item_start",0
2001943,"风神迦楼罗之风",0,"",0,0,1,0,0,False,"","ui/icon/025000/025901.tex","",1,1,"锅嫌壶黑",0,"normal/item_start",0
2001944,"土神泰坦之土",0,"",0,0,1,0,0,False,"","ui/icon/021000/021464.tex","",1,1,"锅嫌壶黑",0,"normal/item_start",0
2001945,"给希尔达的信",0,"",0,0,1,0,0,False,"","ui/icon/025000/025906.tex","",1,1,"心灵的选择",3,"normal/item_start",0
2001946,"英格玛秘典的碎片",0,"",0,0,1,0,0,False,"","ui/icon/020000/020401.tex","",1,1,"小小世界的大事件",0,"normal/item_start",0
2001947,"东方软膏",0,"",0,0,1,0,0,False,"","ui/icon/020000/020661.tex","",1,1,"踏雪而行",0,"normal/item_start",0
2001948,"妖怪手表",0,"",0,0,1,0,0,False,"","ui/icon/055000/055750.tex","",1,1,"欢迎，妖怪宠物",0,"normal/item_start",0
2001949,"枯树精的嫩枝",0,"",0,0,1,0,0,False,"","ui/icon/022000/022416.tex","",1,1," 没有名字的骨颌族",0,"normal/item_start",0
2001950,"干燥的木柴",0,"",0,0,1,0,0,False,"","ui/icon/052000/052113.tex","任务道具",1,1," 最初的冒险",3,"normal/item_start",0
2001951,"枯树精的嫩枝",0,"",0,0,1,0,0,False,"","ui/icon/022000/022416.tex","",2,1," 获得任务：人类的需求",0,"normal/item_start",0
2001952,"烟草",0,"",0,0,1,0,0,False,"","ui/icon/025000/025009.tex","",3,1," 收集任务：吸烟的趣味",0,"normal/item_start",0
2001953,"切碎的烟草",0,"",0,0,1,0,0,False,"","ui/icon/023000/023001.tex","",2,1," 收集任务：吸烟的趣味",0,"normal/item_start",0
2001954,"骨颌族的食品罐",0,"",0,0,1,0,0,False,"","ui/icon/022000/022852.tex","",3,1," 收集任务：危险的委托",0,"normal/item_start",0
2001955,"肥沃的黑土",0,"",0,0,1,0,0,False,"","ui/icon/027000/027501.tex","",3,1," 收集任务：危险的委托",0,"normal/item_start",0
2001956,"阿瓦隆尼亚红沙",0,"",0,0,1,0,0,False,"","ui/icon/027000/027401.tex","",3,1," 收集任务：骨颌族的优越感",0,"normal/item_start",0
2001957,"枯树的圆木",0,"",0,0,1,0,0,False,"","ui/icon/052000/052113.tex","",3,1," 收集任务：骨颌族的优越感",0,"normal/item_start",0
2001958,"银露草",0,"",0,0,1,0,0,False,"","ui/icon/025000/025015.tex","",4,1," 收集任务：有限的资源",0,"normal/item_start",0
2001959,"成熟的七天树果实",0,"",0,0,1,0,0,False,"","ui/icon/025000/025221.tex","",3,1," 收集任务：骨颌族的酒，解禁！",0,"normal/item_start",0
2001960,"七天树果酒",0,"",0,0,1,0,0,False,"","ui/icon/025000/025057.tex","",1,1," 收集任务：骨颌族的酒，解禁！",0,"normal/item_start",0
2001961,"陆行鸟筋腱",0,"",0,0,1,0,0,False,"","ui/icon/025000/025154.tex","任务道具",3,1," 获得任务：被肉吸引……",3,"normal/item_start",0
2001962,"斑攫兽的毛皮",0,"",0,0,1,0,0,False,"","ui/icon/022000/022013.tex","",2,1," 获得任务：被肉吸引……",0,"normal/item_start",0
2001963,"锐爪虾",0,"",0,0,1,0,0,False,"","ui/icon/029000/029404.tex","任务道具",1,1," 获得任务：自由与个性的味道",3,"normal/item_start",0
2001964,"南加蛋",0,"",0,0,1,0,0,False,"","ui/icon/025000/025156.tex","",2,1," 获得任务：自由与个性的味道",0,"normal/item_start",0
2001965,"昔日薄荷",0,"",0,0,1,0,0,False,"","ui/icon/025000/025016.tex","",3,1," 收集任务：有趣的哥布林面具",0,"normal/item_start",0
2001966,"龙人鼠尾草",0,"",0,0,1,0,0,False,"","ui/icon/025000/025009.tex","",3,1," 收集任务：有趣的哥布林面具",0,"normal/item_start",0
2001967,"香草组合包",0,"",0,0,1,0,0,False,"","ui/icon/022000/022623.tex","",1,1," 收集任务：有趣的哥布林面具",0,"normal/item_start",0
2001968,"给乌姆·阿拉的包裹",0,"",0,0,1,0,0,False,"","ui/icon/023000/023001.tex","",1,1," 搜索任务：难以区分",0,"normal/item_start",0
2001969,"亚拉戈魔神神典石",0,"",0,0,1,0,0,False,"","ui/icon/025000/025931.tex","",1,1,"登峰造极的魔神萨菲洛特",0,"normal/item_start",0
2001970,"魔法鳞粉",0,"",0,0,1,0,0,False,"","ui/icon/021000/021219.tex","任务道具",1,1,"追着蛋！",10,"normal/item_start",0
2001971,"巨蛋的蛋壳碎片",0,"",0,0,1,0,0,False,"","ui/icon/026000/026111.tex","任务道具",1,1,"追着蛋！",5,"normal/item_start",0
2001972,"预言蛋",0,"",0,0,1,0,0,False,"","ui/icon/021000/021308.tex","",99,1,,0,"normal/item_start",0
2001973,"耐热捕获网",0,"",0,0,1,0,0,False,"","ui/icon/025000/025919.tex","任务道具",1,1,"红莲节的黄金鲜花",1,"normal/item_start",0
2001974,"捕获到的轰击怪",0,"",0,0,1,0,0,False,"","ui/icon/059000/059403.tex","任务道具",1,1,"红莲节的黄金鲜花",3,"normal/item_start",0
2001975,"阿维尔的戒指",0,"",0,0,1,0,0,False,"","ui/icon/054000/054421.tex","",1,1,"安息吧朋友",0,"normal/item_start",0
2001976,"妖怪大辞典",0,"",0,0,1,0,0,False,"","ui/icon/000000/000787.tex","任务道具",1,1,,0,"normal/item_start",0
2001977,"1级传送魔纹的地图",0,"",0,0,1,0,0,False,"","ui/icon/026000/026151.tex","任务道具",1,2,,0,"normal/item_start",0
2001978,"给修复团的资材",0,"",0,0,1,0,0,False,"","ui/icon/021000/021003.tex","",1,1," 提高技艺的修复团！",0,"normal/item_start",0
2001979,"给昂德卢的书信",0,"",0,0,1,0,0,False,"","ui/icon/026000/026171.tex","",1,1," 打造石像的修复团！",0,"normal/item_start",0
2001980,"异端的雕像",0,"",0,0,1,0,0,False,"","ui/icon/021000/021002.tex","",1,1," 打造石像的修复团！",0,"normal/item_start",0
2001981,"神秘的碎片",0,"",0,0,1,0,0,False,"","ui/icon/021000/021252.tex","",2,1," 击碎岩石的修复团！",0,"normal/item_start",0
2001982,"给工匠学徒的包裹",0,"",0,0,1,0,0,False,"","ui/icon/026000/026108.tex","",3,1," 勤于训练",0,"normal/item_start",0
2001983,"脏兮兮的废材",0,"",0,0,1,0,0,False,"","ui/icon/021000/021003.tex","",1,1," 打好基础最重要",0,"normal/item_start",0
2001984,"杂七杂八的材料",0,"",0,0,1,0,0,False,"","ui/icon/026000/026110.tex","",1,1," 打好基础最重要",0,"normal/item_start",0
2001985,"山克芹尼的藤蔓",0,"",0,0,1,0,0,False,"","ui/icon/021000/021662.tex","",3,1," 搬运的重要性",0,"normal/item_start",0
2001986,"破旧的废材",0,"",0,0,1,0,0,False,"","ui/icon/021000/021003.tex","",3,1," 为了修复墙壁",0,"normal/item_start",0
2001987,"高精度的石砖",0,"",0,0,1,0,0,False,"","ui/icon/022000/022605.tex","",1,1," 精益求精",0,"normal/item_start",0
2001988,"",0,"",0,0,1,0,0,False,"","ui/icon/025000/025311.tex","任务道具",1,1,,3,"normal/item_start",0
2001989,"泉水修补部件的材料",0,"",0,0,1,0,0,False,"","ui/icon/022000/022407.tex","",3,1," 长久保存的秘诀",0,"normal/item_start",0
2001990,"慰问品菜肴",0,"",0,0,1,0,0,False,"","ui/icon/024000/024104.tex","",3,1," 贴心的慰问品",0,"normal/item_start",0
2001991,"库啪树的水晶",0,"",0,0,1,0,0,False,"","ui/icon/020000/020016.tex","",1,1," 以工匠的眼光鉴定",0,"normal/item_start",0
2001992,"机龙魔笛",0,"",0,0,1,0,0,False,"","ui/icon/026000/026038.tex","任务道具",1,1,"机龙怒号",3,"normal/item_start",0
2001993,"乌兰的笔记",0,"",0,0,1,0,0,False,"","ui/icon/026000/026189.tex","任务道具",1,6,,0,"normal/item_start",0
2001994,"元灵透镜",0,"",0,0,1,0,0,False,"","ui/icon/025000/025986.tex","任务道具",1,6,,0,"normal/item_start",0
2001995,"双足飞龙的旧鳞",0,"",0,0,1,0,0,False,"","ui/icon/022000/022262.tex","",1,1," 一箭双雕的锉刀制作法",0,"normal/item_start",0
2001996,"给双足飞龙的礼物",0,"",0,0,1,0,0,False,"","ui/icon/029000/029717.tex","",1,1," 敬请期待云海鱼",0,"normal/item_start",0
2001997,"候鸟巢",0,"",0,0,1,0,0,False,"","ui/icon/021000/021003.tex","",1,1," 令人震惊的工作量",0,"normal/item_start",0
2001998,"神蜥蜴刺",0,"",0,0,1,0,0,False,"","ui/icon/026000/026110.tex","",1,1," 令人震惊的工作量",0,"normal/item_start",0
2001999,"大量的水晶",0,"",0,0,1,0,0,False,"","ui/icon/026000/026108.tex","",1,1," 令人震惊的工作量",0,"normal/item_start",0
2002000,"伊修加德风味的晚餐组合",0,"",0,0,1,0,0,False,"","ui/icon/024000/024204.tex","",3,1," 慰劳菜肴",0,"normal/item_start",0
2002001,"宝物库的钥匙",0,"",0,0,1,0,0,False,"","ui/icon/025000/025902.tex","",1,1,,0,"normal/item_start",0
2002002,"爆弹怪的冷灰",0,"",0,0,1,0,0,False,"","ui/icon/021000/021001.tex","",99,1,,0,"normal/item_start",0
2002003,"不可思议的饼干",0,"",0,0,1,0,0,False,"","ui/icon/024000/024067.tex","任务道具",99,1,,0,"normal/item_start",0
2002004,"微弱的火种",0,"",0,0,1,0,0,False,"","ui/icon/025000/025911.tex","任务道具",99,1,,0,"normal/item_start",0
2002005,"识破变身用烟雾弹",0,"",0,0,1,0,0,False,"","ui/icon/026000/026015.tex","投掷",99,1,,0,"normal/item_start",4
2002006,"起风珠",0,"",0,0,1,0,0,False,"","ui/icon/020000/020004.tex","",1,1,,0,"normal/item_start",0
2002007,"起风珠",0,"",0,0,1,0,0,False,"","ui/icon/020000/020004.tex","",1,1,,0,"normal/item_start",0
2002008,"鸟人风格的钥匙",0,"",0,0,1,0,0,False,"","ui/icon/025000/025904.tex","",1,1,,0,"normal/item_start",0
2002009,"亚拉戈女神神典石",0,"",0,0,1,0,0,False,"","ui/icon/025000/025931.tex","",1,1,"登峰造极的女神索菲娅",0,"normal/item_start",0
2002010,"皮革封面的书籍",0,"",0,0,1,0,0,False,"","ui/icon/026000/026158.tex","",1,1,"秘本宝库迦巴勒幻想图书馆",0,"normal/item_start",0
2002011,"老者御敌战甲",0,"",0,0,1,0,0,False,"","ui/icon/048000/048088.tex","",1,1,"时魔法之谜",0,"normal/item_start",0
2002012,"召唤用水晶",0,"",0,0,1,0,0,False,"","ui/icon/020000/020009.tex","",2,1,"呼唤土神之声",0,"normal/item_start",0
2002013,"老者御敌铠靴",0,"",0,0,1,0,0,False,"","ui/icon/047000/047018.tex","",1,1,"时魔法之谜",0,"normal/item_start",0
2002014,"星星的礼物",0,"",0,0,1,0,0,False,"","ui/icon/021000/021294.tex","",5,1,"星芒节与药学院的孩子们",0,"normal/item_start",0
2002015,"给罗韦尔的信",0,"",0,0,1,0,0,False,"","ui/icon/026000/026175.tex","",1,1,"星芒节与父子之情",0,"normal/item_start",0
2002016,"星神的礼物",0,"",0,0,1,0,0,False,"","ui/icon/026000/026113.tex","",1,1,"星芒节与梦中的追随者",0,"normal/item_start",0
2002017,"给罗韦尔的礼物",0,"",0,0,1,0,0,False,"","ui/icon/026000/026107.tex","",1,1,"星芒节与父子之情",0,"normal/item_start",0
2002018,"历练冒险谭第一章",0,"",0,0,1,0,0,False,"","ui/icon/026000/026155.tex","",1,1,"安费莉丝的委托",0,"normal/item_start",0
2002019,"带有药学院标记的木箱",0,"",0,0,1,0,0,False,"","ui/icon/021000/021003.tex","",1,1,"星芒节与消失的货物",0,"normal/item_start",0
2002020,"灵布",0,"",0,0,1,0,0,False,"","ui/icon/021000/021614.tex","",1,1,"安格莱特的委托",0,"normal/item_start",0
2002021,"记忆灵布",0,"",0,0,1,0,0,False,"","ui/icon/021000/021615.tex","",1,1,"安格莱特的委托",0,"normal/item_start",0
2002022,"粹星水",0,"",0,0,1,0,0,False,"","ui/icon/020000/020622.tex","",1,1," 人造元灵的未来",0,"normal/item_start",0
2002023,"库洛的奇谈书",0,"",0,0,1,0,0,False,"","ui/icon/025000/025987.tex","任务道具",1,7,,0,"normal/item_start",0
2002024,"历练冒险谭第二章",0,"",0,0,1,0,0,False,"","ui/icon/026000/026156.tex","",1,1,"安费莉丝的委托",0,"normal/item_start",0
2002025,"历练冒险谭第三章",0,"",0,0,1,0,0,False,"","ui/icon/026000/026157.tex","",1,1,"安费莉丝的委托",0,"normal/item_start",0
2002026,"秘制蒸馏酒",0,"",0,0,1,0,0,False,"","ui/icon/025000/025057.tex","",1,1," 人造元灵的未来",0,"normal/item_start",0
2002027,"古老的抄本",0,"",0,0,1,0,0,False,"","ui/icon/026000/026159.tex","",1,1,"迈向无人知晓的明天",0,"normal/item_start",0
2002028,"亚拉戈兵器的残骸",0,"",0,0,1,0,0,False,"","ui/icon/020000/020954.tex","任务道具",1,1,"不明飞行物",0,"normal/item_start",0
2002029,"改良型元灵透镜",0,"",0,0,1,0,0,False,"","ui/icon/025000/025996.tex","任务道具",1,6," 人造元灵终绽放",0,"normal/item_start",0
2002030,"魔晶堂宝玉",0,"",0,0,1,0,0,False,"","ui/icon/021000/021328.tex","",1,1," 人造元灵终绽放",0,"normal/item_start",0
2002031,"古代魔法人偶",0,"",0,0,1,0,0,False,"","ui/icon/059000/059401.tex","",1,1," 人造元灵终绽放",0,"normal/item_start",0
2002032,"索姆阿尔灵熔岩",0,"",0,0,1,0,0,False,"","ui/icon/021000/021471.tex","",1,1," 人造元灵终绽放",0,"normal/item_start",0
2002033,"亚拉戈鬼神神典石",0,"",0,0,1,0,0,False,"","ui/icon/025000/025931.tex","",1,1,"登峰造极的鬼神祖尔宛",0,"normal/item_start",0
2002034,"蝾螈油",0,"",0,0,1,0,0,False,"","ui/icon/022000/022603.tex","任务道具",1,1,"理想的每一天",2,"normal/item_start",0
2002035,"放属性雷之碎晶",0,"",0,0,1,0,0,False,"","ui/icon/020000/020005.tex","",99,1,,0,"normal/item_start",0
2002036,"放属性火之碎晶",0,"",0,0,1,0,0,False,"","ui/icon/020000/020001.tex","",99,1,,0,"normal/item_start",0
2002037,"放属性土之碎晶",0,"",0,0,1,0,0,False,"","ui/icon/020000/020006.tex","",99,1,,0,"normal/item_start",0
2002038,"放属性冰之碎晶",0,"",0,0,1,0,0,False,"","ui/icon/020000/020003.tex","",99,1,,0,"normal/item_start",0
2002039,"放属性水之碎晶",0,"",0,0,1,0,0,False,"","ui/icon/020000/020002.tex","",99,1,,0,"normal/item_start",0
2002040,"放属性风之碎晶",0,"",0,0,1,0,0,False,"","ui/icon/020000/020004.tex","",99,1,,0,"normal/item_start",0
2002041,"过属性雷之水晶",0,"",0,0,1,0,0,False,"","ui/icon/020000/020025.tex","",99,1,,0,"normal/item_start",0
2002042,"过属性火之水晶",0,"",0,0,1,0,0,False,"","ui/icon/020000/020021.tex","",99,1,,0,"normal/item_start",0
2002043,"过属性土之水晶",0,"",0,0,1,0,0,False,"","ui/icon/020000/020024.tex","",99,1,,0,"normal/item_start",0
2002044,"过属性冰之水晶",0,"",0,0,1,0,0,False,"","ui/icon/020000/020022.tex","",99,1,,0,"normal/item_start",0
2002045,"过属性水之水晶",0,"",0,0,1,0,0,False,"","ui/icon/020000/020026.tex","",99,1,,0,"normal/item_start",0
2002046,"过属性风之水晶",0,"",0,0,1,0,0,False,"","ui/icon/020000/020023.tex","",99,1,,0,"normal/item_start",0
2002047,"曼德维尔蝾螈油",0,"",0,0,1,0,0,False,"","ui/icon/022000/022653.tex","任务道具",1,1,"理想的每一天",4,"normal/item_start",0
2002048,"帝国军认证密钥",0,"",0,0,1,0,0,False,"","ui/icon/026000/026014.tex","",1,1,,0,"normal/item_start",0
2002049,"帝国军认证密钥",0,"",0,0,1,0,0,False,"","ui/icon/026000/026014.tex","",1,1,,0,"normal/item_start",0
2002050,"帝国军认证密钥",0,"",0,0,1,0,0,False,"","ui/icon/026000/026014.tex","",1,1,,0,"normal/item_start",0
2002051,"帝国军认证密钥",0,"",0,0,1,0,0,False,"","ui/icon/026000/026014.tex","",1,1,,0,"normal/item_start",0
2002052,"凤凰魔笛",0,"",0,0,1,0,0,False,"","ui/icon/026000/026039.tex","任务道具",1,1,"凤鸣朝阳",3,"normal/item_start",0
2002053,"珊琪的药",0,"",0,0,1,0,0,False,"","ui/icon/020000/020661.tex","任务道具",1,1,"角尊的宝贝",3,"normal/item_start",0
2002054,"惊喜彩蛋",0,"",0,0,1,0,0,False,"","ui/icon/021000/021310.tex","",3,1,"吓人一跳的彩蛋狩猎",0,"normal/item_start",0
2002055,"惊喜彩蛋",0,"",0,0,1,0,0,False,"","ui/icon/021000/021310.tex","",3,1,"彩蛋狩猎和亮闪闪的宝石",0,"normal/item_start",0
2002056,"曼德维尔优待券",0,"",0,0,1,0,0,False,"","ui/icon/026000/026173.tex","",1,1,"金碟狂欢",0,"normal/item_start",0
2002057,"采矿工行会的密封信",0,"",0,0,1,0,0,False,"","ui/icon/025000/025918.tex","",1,1,"田园郡的工房",0,"normal/item_start",0
2002058,"为最技研准备的资材",0,"",0,0,1,0,0,False,"","ui/icon/026000/026108.tex","",1,1,"最技研的改变",0,"normal/item_start",0
2002059,"云海妖花粉",0,"",0,0,1,0,0,False,"","ui/icon/021000/021219.tex","",99,1,,0,"normal/item_start",0
2002060,"巨虫肝",0,"",0,0,1,0,0,False,"","ui/icon/022000/022635.tex","",99,1,,0,"normal/item_start",0
2002061,"弱化试剂",0,"",0,0,1,0,0,False,"","ui/icon/022000/022612.tex","任务道具",1,1,,3,"normal/searchaction_start",1
2002062,"云海物种的骨骼标本",0,"",0,0,1,0,0,False,"","ui/icon/022000/022213.tex","",99,1,,0,"normal/item_start",0
2002064,"云海物种的器官标本",0,"",0,0,1,0,0,False,"","ui/icon/022000/022602.tex","",99,1,,0,"normal/item_start",0
2002065,"防身用刀",0,"",0,0,1,0,0,False,"","ui/icon/036000/036427.tex","",1,1,"雪花的到来",0,"normal/item_start",0
2002066,"崭新的锻铁工具",0,"",0,0,1,0,0,False,"","ui/icon/021000/021003.tex","",1,1,"雪花的烦恼",0,"normal/item_start",0
2002067,"黄色的小菊花",0,"",0,0,1,0,0,False,"","ui/icon/025000/025029.tex","",1,1,"无声的恸哭",0,"normal/item_start",0
2002068,"吹箭筒",0,"",0,0,1,0,0,False,"","ui/icon/022000/022452.tex","",1,1,"无尽的暴行",0,"normal/item_start",0
2002069,"",0,"",0,0,1,0,0,False,"","ui/icon/026000/026015.tex","投掷",1,1,"帝国河畔堡的秘密行动",3,"normal/item_start",4
2002070,"忘却粉",0,"",0,0,1,0,0,False,"","ui/icon/022000/022623.tex","任务道具",1,1,"夕雾的心思",3,"normal/item_start",0
2002071,"生锈的废铁",0,"",0,0,1,0,0,False,"","ui/icon/021000/021222.tex","",1,1,"雪花的憧憬",0,"normal/item_start",0
2002072,"负责监视的十夫长",0,"",0,0,1,0,0,False,"","ui/icon/040000/040282.tex","任务道具",1,1,"夕雾的心思",3,"normal/item_start",0
2002073,"负责监视的帝国兵",0,"",0,0,1,0,0,False,"","ui/icon/040000/040282.tex","任务道具",1,1,"夕雾的心思",3,"normal/item_start",0
2002074,"嘉·凯碧卡制作的圆筒",0,"",0,0,1,0,0,False,"","ui/icon/026000/026108.tex","",1,1,"女王的美梦",0,"normal/item_start",0
2002075,"包装好的管弦乐琴",0,"",0,0,1,0,0,False,"","ui/icon/026000/026107.tex","",1,1,"女王的美梦",0,"normal/item_start",0
2002076,"古旧的笔记",0,"",0,0,1,0,0,False,"","ui/icon/026000/026168.tex","",1,1,"为了将来",0,"normal/item_start",0
2002077,"药用香草",0,"",0,0,1,0,0,False,"","ui/icon/025000/025016.tex","",6,1,"给菜肴调味",0,"normal/item_start",0
2002078,"染血头巾",0,"",0,0,1,0,0,False,"","ui/icon/023000/023301.tex","",1,1,"为子不知母",0,"normal/item_start",0
2002079,"苦土石灰的麻袋",0,"",0,0,1,0,0,False,"","ui/icon/027000/027404.tex","任务道具",4,1,"田地必需品",3,"normal/item_start",0
2002080,"通透的阿剌吉酒",0,"",0,0,1,0,0,False,"","ui/icon/025000/025057.tex","",1,1,"寒炉村的年轻人",0,"normal/item_start",0
2002081,"维德制作的框架",0,"",0,0,1,0,0,False,"","ui/icon/021000/021003.tex","",1,1,"女王的美梦",0,"normal/item_start",0
2002082,"哈尔制作的装饰部件",0,"",0,0,1,0,0,False,"","ui/icon/021000/021002.tex","",1,1,"女王的美梦",0,"normal/item_start",0
2002083,"土壤样本",0,"",0,0,1,0,0,False,"","ui/icon/021000/021465.tex","",3,1,"战火的痕迹",0,"normal/item_start",0
2002084,"水质样本",0,"",0,0,1,0,0,False,"","ui/icon/022000/022614.tex","",1,1,"战火的痕迹",0,"normal/item_start",0
2002085,"帝王鳄的肉",0,"",0,0,1,0,0,False,"","ui/icon/025000/025151.tex","",3,1,"同盟军的厨房密事",0,"normal/item_start",0
2002086,"威罗迪纳菇",0,"",0,0,1,0,0,False,"","ui/icon/025000/025401.tex","",3,1,"同盟军的厨房密事",0,"normal/item_start",0
2002087,"土元精核心",0,"",0,0,1,0,0,False,"","ui/icon/021000/021264.tex","",3,1,"家中裂缝",0,"normal/item_start",0
2002088,"锻冶油壶",0,"",0,0,1,0,0,False,"","ui/icon/022000/022636.tex","",3,1,"黄金港的防卫线",0,"normal/item_start",0
2002089,"恩惠石",0,"",0,0,1,0,0,False,"","ui/icon/021000/021454.tex","",1,1,"大海的恩惠",0,"normal/item_start",0
2002090,"走味的麦酒",0,"",0,0,1,0,0,False,"","ui/icon/020000/020643.tex","任务道具",1,1,"美丽与丑陋",3,"normal/item_start",0
2002091,"干粉末",0,"",0,0,1,0,0,False,"","ui/icon/021000/021006.tex","任务道具",1,1,"野战医院的现状",3,"normal/item_start",0
2002092,"蚁狮的分泌液",0,"",0,0,1,0,0,False,"","ui/icon/020000/020661.tex","",1,1,"野战医院的现状",0,"normal/item_start",0
2002093,"腐烂的小杂鱼",0,"",0,0,1,0,0,False,"","ui/icon/029000/029034.tex","任务道具",2,1,"再生波澜",3,"normal/item_start",0
2002094,"无瑕的鲎壳",0,"",0,0,1,0,0,False,"","ui/icon/022000/022257.tex","",1,1,"寄宿万物之神明",0,"normal/item_start",0
2002095,"发光的辉石",0,"",0,0,1,0,0,False,"","ui/icon/026000/026513.tex","",1,1,"海底探索",0,"normal/item_start",0
2002096,"八尺琼勾玉",0,"",0,0,1,0,0,False,"","ui/icon/026000/026513.tex","",1,1,"有缘千里来相会",0,"normal/item_start",0
2002097,"小熊猫",0,"",0,0,1,0,0,False,"","ui/icon/059000/059534.tex","",2,1,"小熊猫在哪里",0,"normal/item_start",0
2002098,"炽热的熔岩",0,"",0,0,1,0,0,False,"","ui/icon/030000/030352.tex","",6,1,"鬼咳嗽",0,"normal/item_start",0
2002099,"寻人画像",0,"",0,0,1,0,0,False,"","ui/icon/026000/026151.tex","",1,1,"二人的足迹",0,"normal/item_start",0
2002100,"美丽的红珊瑚",0,"",0,0,1,0,0,False,"","ui/icon/029000/029060.tex","",3,1,"红珊瑚发饰",0,"normal/item_start",0
2002101,"武将的腰刀",0,"",0,0,1,0,0,False,"","ui/icon/036000/036432.tex","",1,1,"沉船小林丸",0,"normal/item_start",0
2002102,"红色的海藻",0,"",0,0,1,0,0,False,"","ui/icon/026000/026110.tex","",3,1,"无论贫穷还是富贵",0,"normal/item_start",0
2002103,"力量菇",0,"",0,0,1,0,0,False,"","ui/icon/025000/025405.tex","",3,1,"无论贫穷还是富贵",0,"normal/item_start",0
2002104,"新鲜的狗肉",0,"",0,0,1,0,0,False,"","ui/icon/025000/025159.tex","",3,1,"无论贫穷还是富贵",0,"normal/item_start",0
2002105,"候鸟的财宝",0,"",0,0,1,0,0,False,"","ui/icon/026000/026001.tex","",3,1,"若是能飞向高空",0,"normal/item_start",0
2002106,"装着干货的包裹",0,"",0,0,1,0,0,False,"","ui/icon/026000/026109.tex","",1,1,"文明开化的铃音",0,"normal/item_start",0
2002107,"未完工的铃铛",0,"",0,0,1,0,0,False,"","ui/icon/026000/026108.tex","",1,1,"文明开化的铃音",0,"normal/item_start",0
2002108,"坚硬的石子",0,"",0,0,1,0,0,False,"","ui/icon/021000/021222.tex","",4,1,"文明开化的铃音",0,"normal/item_start",0
2002109,"梅弗里德的护身符",0,"",0,0,1,0,0,False,"","ui/icon/026000/026110.tex","",1,1,"生者和亡者",0,"normal/item_start",0
2002110,"应急用的炼金药",0,"",0,0,1,0,0,False,"","ui/icon/020000/020661.tex","",3,1,"运送伤员",0,"normal/item_start",0
2002111,"犏牛肉",0,"",0,0,1,0,0,False,"","ui/icon/025000/025152.tex","",4,1,"答兹喀部的骄傲",0,"normal/item_start",0
2002112,"奥罗尼部的灯油",0,"",0,0,1,0,0,False,"","ui/icon/025000/025452.tex","任务道具",5,1,"太阳神之子的职责",3,"normal/item_start",0
2002113,"初级雄兵怪物通缉令",0,"",0,0,1,0,0,False,"","ui/icon/026000/026504.tex","任务道具",1,4,,0,"normal/item_start",0
2002114,"中级雄兵怪物通缉令",0,"",0,0,1,0,0,False,"","ui/icon/026000/026505.tex","任务道具",1,4,,0,"normal/item_start",0
2002115,"高级雄兵怪物通缉令",0,"",0,0,1,0,0,False,"","ui/icon/026000/026506.tex","任务道具",1,4,,0,"normal/item_start",0
2002116,"雄兵恶名精英通缉令",0,"",0,0,1,0,0,False,"","ui/icon/026000/026507.tex","任务道具",1,4,,0,"normal/item_start",0
2002117,"模儿部的剑",0,"",0,0,1,0,0,False,"","ui/icon/030000/030420.tex","",1,1,"迈向新的季节",0,"normal/item_start",0
2002118,"供奉用的供品",0,"",0,0,1,0,0,False,"","ui/icon/026000/026109.tex","",1,1,"迈向新的季节",0,"normal/item_start",0
2002119,"清澈的水",0,"",0,0,1,0,0,False,"","ui/icon/022000/022614.tex","",1,1,"迈向新的季节",0,"normal/item_start",0
2002120,"护身符的木片",0,"",0,0,1,0,0,False,"","ui/icon/022000/022455.tex","任务道具",99,1,,0,"normal/item_start",0
2002121,"护身符的优质木片",0,"",0,0,1,0,0,False,"","ui/icon/022000/022459.tex","任务道具",99,1,,0,"normal/item_start",0
2002122,"天柱树的树液",0,"",0,0,1,0,0,False,"","ui/icon/022000/022642.tex","任务道具",99,1,,0,"normal/item_start",0
2002123,"干树皮",0,"",0,0,1,0,0,False,"","ui/icon/022000/022634.tex","任务道具",99,1,,0,"normal/item_start",0
2002124,"湿树皮",0,"",0,0,1,0,0,False,"","ui/icon/022000/022418.tex","任务道具",99,1,,0,"normal/item_start",0
2002125,"奥萨德松原木",0,"",0,0,1,0,0,False,"","ui/icon/022000/022414.tex","任务道具",99,1,,0,"normal/item_start",0
2002126,"优质奥萨德松原木",0,"",0,0,1,0,0,False,"","ui/icon/022000/022411.tex","任务道具",99,1,,0,"normal/item_start",0
2002127,"红矶花的碎片",0,"",0,0,1,0,0,False,"","ui/icon/029000/029060.tex","任务道具",99,1,,0,"normal/item_start",0
2002128,"螺旋海鳃",0,"",0,0,1,0,0,False,"","ui/icon/023000/023106.tex","任务道具",99,1,,0,"normal/item_start",0
2002129,"硬竹",0,"",0,0,1,0,0,False,"","ui/icon/022000/022452.tex","任务道具",99,1,,0,"normal/item_start",0
2002130,"软竹",0,"",0,0,1,0,0,False,"","ui/icon/022000/022451.tex","任务道具",99,1,,0,"normal/item_start",0
2002131,"高级家具用原木",0,"",0,0,1,0,0,False,"","ui/icon/022000/022411.tex","任务道具",99,1,,0,"normal/item_start",0
2002132,"风铃草",0,"",0,0,1,0,0,False,"","ui/icon/025000/025016.tex","任务道具",99,1,,0,"normal/item_start",0
2002133,"长风铃草",0,"",0,0,1,0,0,False,"","ui/icon/025000/025015.tex","任务道具",99,1,,0,"normal/item_start",0
2002134,"熟客的原木",0,"",0,0,1,0,0,False,"","ui/icon/022000/022411.tex","任务道具",99,1,,0,"normal/item_start",0
2002135,"毒羊草",0,"",0,0,1,0,0,False,"","ui/icon/025000/025035.tex","任务道具",99,1,,0,"normal/item_start",0
2002136,"柔软的叶子",0,"",0,0,1,0,0,False,"","ui/icon/025000/025202.tex","任务道具",99,1,,0,"normal/item_start",0
2002137,"芳香的叶子",0,"",0,0,1,0,0,False,"","ui/icon/025000/025201.tex","任务道具",99,1,,0,"normal/item_start",0
2002138,"花茶的花瓣",0,"",0,0,1,0,0,False,"","ui/icon/025000/025022.tex","任务道具",99,1,,0,"normal/item_start",0
2002139,"优质花茶的花瓣",0,"",0,0,1,0,0,False,"","ui/icon/022000/022627.tex","任务道具",99,1,,0,"normal/item_start",0
2002140,"尖嘴草花",0,"",0,0,1,0,0,False,"","ui/icon/025000/025022.tex","任务道具",99,1,,0,"normal/item_start",0
2002141,"野生品种的种子",0,"",0,0,1,0,0,False,"","ui/icon/027000/027457.tex","任务道具",99,1,,0,"normal/item_start",0
2002142,"有前途的种子",0,"",0,0,1,0,0,False,"","ui/icon/027000/027458.tex","任务道具",99,1,,0,"normal/item_start",0
2002143,"陶瓷合金装甲片",0,"",0,0,1,0,0,False,"","ui/icon/020000/020953.tex","任务道具",99,1,,0,"normal/item_start",0
2002144,"超硬陶瓷合金装甲片",0,"",0,0,1,0,0,False,"","ui/icon/020000/020960.tex","任务道具",99,1,,0,"normal/item_start",0
2002145,"古代贝的化石",0,"",0,0,1,0,0,False,"","ui/icon/029000/029059.tex","任务道具",99,1,,0,"normal/item_start",0
2002146,"磨损的岩石",0,"",0,0,1,0,0,False,"","ui/icon/021000/021453.tex","任务道具",99,1,,0,"normal/item_start",0
2002147,"坚硬的岩石",0,"",0,0,1,0,0,False,"","ui/icon/021000/021202.tex","任务道具",99,1,,0,"normal/item_start",0
2002148,"红玉海的矿石标本",0,"",0,0,1,0,0,False,"","ui/icon/021000/021210.tex","任务道具",99,1,,0,"normal/item_start",0
2002149,"红玉海的优质矿石标本",0,"",0,0,1,0,0,False,"","ui/icon/021000/021212.tex","任务道具",99,1,,0,"normal/item_start",0
2002150,"海绿石",0,"",0,0,1,0,0,False,"","ui/icon/021000/021459.tex","任务道具",99,1,,0,"normal/item_start",0
2002151,"菊目石的碎片",0,"",0,0,1,0,0,False,"","ui/icon/022000/022209.tex","任务道具",99,1,,0,"normal/item_start",0
2002152,"普通强度的白色石头",0,"",0,0,1,0,0,False,"","ui/icon/021000/021454.tex","任务道具",99,1,,0,"normal/item_start",0
2002153,"强度过硬的白色石头",0,"",0,0,1,0,0,False,"","ui/icon/021000/021251.tex","任务道具",99,1,,0,"normal/item_start",0
2002154,"高速魔导驱逐艇的装甲片",0,"",0,0,1,0,0,False,"","ui/icon/020000/020960.tex","任务道具",99,1,,0,"normal/item_start",0
2002155,"龙鳞桥的脆弱石材",0,"",0,0,1,0,0,False,"","ui/icon/021000/021203.tex","任务道具",99,1,,0,"normal/item_start",0
2002156,"龙鳞桥的石材",0,"",0,0,1,0,0,False,"","ui/icon/021000/021470.tex","任务道具",99,1,,0,"normal/item_start",0
2002157,"制作念珠的小石子",0,"",0,0,1,0,0,False,"","ui/icon/021000/021326.tex","任务道具",99,1,,0,"normal/item_start",0
2002158,"太阳神草原的辉石",0,"",0,0,1,0,0,False,"","ui/icon/021000/021278.tex","任务道具",99,1,,0,"normal/item_start",0
2002159,"月神沙漠的砂岩",0,"",0,0,1,0,0,False,"","ui/icon/021000/021453.tex","任务道具",99,1,,0,"normal/item_start",0
2002160,"月神沙漠的硬砂岩",0,"",0,0,1,0,0,False,"","ui/icon/021000/021454.tex","任务道具",99,1,,0,"normal/item_start",0
2002161,"肮脏的废石",0,"",0,0,1,0,0,False,"","ui/icon/021000/021453.tex","任务道具",99,1,,0,"normal/item_start",0
2002162,"紫色的废石",0,"",0,0,1,0,0,False,"","ui/icon/021000/021477.tex","任务道具",99,1,,0,"normal/item_start",0
2002163,"制作建材的砖瓦",0,"",0,0,1,0,0,False,"","ui/icon/022000/022609.tex","任务道具",99,1,,0,"normal/item_start",0
2002164,"无价值的矿石",0,"",0,0,1,0,0,False,"","ui/icon/021000/021210.tex","任务道具",99,1,,0,"normal/item_start",0
2002165,"有价值的矿石",0,"",0,0,1,0,0,False,"","ui/icon/021000/021208.tex","任务道具",99,1,,0,"normal/item_start",0
2002166,"极小的白色石头",0,"",0,0,1,0,0,False,"","ui/icon/021000/021259.tex","",1,1,"白色的灾难",0,"normal/item_start",0
2002167,"艾德姬丝的试剂订单",0,"",0,0,1,0,0,False,"","ui/icon/026000/026185.tex","",1,1,"白色的灾难",0,"normal/item_start",0
2002168,"用于检测的试剂",0,"",0,0,1,0,0,False,"","ui/icon/020000/020645.tex","",1,1,"白色的灾难",0,"normal/item_start",0
2002169,"被脱下来扔掉的手套",0,"",0,0,1,0,0,False,"","ui/icon/044000/044082.tex","",1,1,"靠近的威胁",0,"normal/item_start",0
2002171,"达尔马斯卡葡萄酒的空瓶",0,"",0,0,1,0,0,False,"","ui/icon/025000/025057.tex","",1,1,"蔷薇和葡萄酒",0,"normal/item_start",0
2002172,"有玫瑰花纹的葡萄酒",0,"",0,0,1,0,0,False,"","ui/icon/025000/025057.tex","",1,1,"蔷薇和葡萄酒",0,"normal/item_start",0
2002173,"熟睡的小羊",0,"",0,0,1,0,0,False,"","ui/icon/059000/059441.tex","",1,1,"捕获胆小的羊",0,"normal/item_start",0
2002174,"寄往乌尔达哈商会馆的密封信",0,"",0,0,1,0,0,False,"","ui/icon/026000/026173.tex","",1,1,"滴水不漏塔塔露",0,"normal/item_start",0
2002175,"西德寄来的书信",0,"",0,0,1,0,0,False,"","ui/icon/026000/026109.tex","",1,1,"滴水不漏塔塔露",0,"normal/item_start",0
2002176,"手工炸弹",0,"",0,0,1,0,0,False,"","ui/icon/025000/025907.tex","投掷",1,1,"破铜烂铁的决意",3,"normal/item_start",4
2002177,"剥落的装甲板",0,"",0,0,1,0,0,False,"","ui/icon/020000/020961.tex","",15,1,"破铜烂铁的决意",0,"normal/item_start",0
2002178,"轻微损伤的武具",0,"",0,0,1,0,0,False,"","ui/icon/036000/036427.tex","",1,1,"武士今不在",0,"normal/item_start",0
2002179,"手工烟雾弹",0,"",0,0,1,0,0,False,"","ui/icon/026000/026015.tex","",7,1,"飞虫乱舞",3,"normal/item_start",6
2002180,"装着大方士的鱼篓",0,"",0,0,1,0,0,False,"","ui/icon/022000/022261.tex","",1,1,"危机的源头",0,"normal/item_start",0
2002181,"给西·如恩的包裹",0,"",0,0,1,0,0,False,"","ui/icon/026000/026171.tex","",1,1,"抗争与回报",0,"normal/item_start",0
2002182,"货箱的钥匙",0,"",0,0,1,0,0,False,"","ui/icon/025000/025903.tex","任务道具",1,1,"追踪暗杀团",3,"normal/item_start",0
2002183,"羊皮纸信",0,"",0,0,1,0,0,False,"","ui/icon/026000/026151.tex","",1,1,"圣母月神",0,"normal/item_start",0
2002184,"手工爆竹",0,"",0,0,1,0,0,False,"","ui/icon/026000/026015.tex","任务道具",1,1,"洞穴前方等待着的是",3,"normal/item_start",0
2002185,"威罗迪纳灰熊的粗皮",0,"",0,0,1,0,0,False,"","ui/icon/021000/021820.tex","",1,1,"生命的价值",0,"normal/item_start",0
2002186,"剥落的装甲板",0,"",0,0,1,0,0,False,"","ui/icon/026000/026107.tex","",3,1,"多玛起义",0,"normal/item_start",0
2002187,"剥落的装甲板",0,"",0,0,1,0,0,False,"","ui/icon/026000/026107.tex","",3,1,"多玛起义",0,"normal/item_start",0
2002188,"沉重的包裹",0,"",0,0,1,0,0,False,"","ui/icon/021000/021003.tex","",1,1,"阿拉米格正门攻防",0,"normal/item_start",0
2002189,"烧焦的石板",0,"",0,0,1,0,0,False,"","ui/icon/026000/026201.tex","",1,1,"血源",0,"normal/item_start",0
2002190,"缺损的石板",0,"",0,0,1,0,0,False,"","ui/icon/026000/026201.tex","",1,1,"血源",0,"normal/item_start",0
2002191,"破裂的石板",0,"",0,0,1,0,0,False,"","ui/icon/026000/026201.tex","",1,1,"血源",0,"normal/item_start",0
2002192,"大型乌洛里石的核心",0,"",0,0,1,0,0,False,"","ui/icon/021000/021278.tex","",1,1,"血源",0,"normal/item_start",0
2002194,"夜之血族",0,"",0,0,1,0,0,False,"","ui/icon/026000/026158.tex","",1,1,"夜之血族",0,"normal/item_start",0
2002195,"宴会请柬",0,"",0,0,1,0,0,False,"","ui/icon/026000/026173.tex","",1,1,"海都路人身首异",0,"normal/item_start",0
2002196,"狼獾的筋腱",0,"",0,0,1,0,0,False,"","ui/icon/025000/025155.tex","",9,1,"试炼的第一步",0,"normal/item_start",0
2002197,"装有肉的袋子",0,"",0,0,1,0,0,False,"","ui/icon/026000/026111.tex","",1,1,"试炼的第一步",0,"normal/item_start",0
2002198,"遗物风景画",0,"",0,0,1,0,0,False,"","ui/icon/025000/025999.tex","",1,1,"致心爱之人",0,"normal/item_start",0
2002199,"家畜的内脏",0,"",0,0,1,0,0,False,"","ui/icon/026000/026111.tex","任务道具",3,1,"试炼的第一步",1,"normal/item_start",0
2002200,"鲶鱼精的铃铛",0,"",0,0,1,0,0,False,"","ui/icon/021000/021002.tex","",1,1,"摇响铃铛",0,"normal/item_start",0
2002201,"用旧了的罐子",0,"",0,0,1,0,0,False,"","ui/icon/024000/024453.tex","",1,1,"依靠神谕赚大钱",0,"normal/item_start",0
2002202,"羊奶罐",0,"",0,0,1,0,0,False,"","ui/icon/024000/024453.tex","",1,1,"依靠神谕赚大钱",0,"normal/item_start",0
2002203,"褐色的草团",0,"",0,0,1,0,0,False,"","ui/icon/027000/027455.tex","",4,1,"模儿一族",0,"normal/item_start",0
2002204,"灵树树根",0,"",0,0,1,0,0,False,"","ui/icon/025000/025005.tex","",2,1,"白月节",0,"normal/item_start",0
2002205,"乌洛里石的核心",0,"",0,0,1,0,0,False,"","ui/icon/021000/021278.tex","",2,1,"夺回采石场",0,"normal/item_start",0
2002206,"延夏虎肉",0,"",0,0,1,0,0,False,"","ui/icon/025000/025153.tex","",2,1,"肉食系狼人",0,"normal/item_start",0
2002207,"剑草",0,"",0,0,1,0,0,False,"","ui/icon/025000/025035.tex","",8,1,"奥罗尼式的难题",0,"normal/item_start",0
2002208,"",0,"",0,0,1,0,0,False,"","ui/icon/059000/059441.tex","",1,1,,0,"normal/item_start",0
2002209,"迦迦纳怪鸟革制的宝物地图",0,"",0,0,1,0,0,False,"","ui/icon/026000/026151.tex","任务道具",1,2,,0,"normal/item_start",0
2002210,"瞪羚革制的宝物地图",0,"",0,0,1,0,0,False,"","ui/icon/026000/026151.tex","任务道具",1,2,,0,"normal/item_start",0
2002211,"水晶首饰",0,"",0,0,1,0,0,False,"","ui/icon/054000/054968.tex","",1,1,"映心之物",0,"normal/item_start",0
2002212,"牛鬼肝脏",0,"",0,0,1,0,0,False,"","ui/icon/025000/025155.tex","",3,1,"海贼众的厨师",0,"normal/item_start",0
2002213,"小鸟笼",0,"",0,0,1,0,0,False,"","ui/icon/022000/022261.tex","任务道具",1,1,"飞吧，家麻雀",3,"normal/item_start",0
2002214,"空壶",0,"",0,0,1,0,0,False,"","ui/icon/025000/025055.tex","",1,1,"完美的礼物",0,"normal/item_start",0
2002215,"装有树脂的壶",0,"",0,0,1,0,0,False,"","ui/icon/025000/025055.tex","",1,1,"完美的礼物",0,"normal/item_start",0
2002216,"瓶装阿剌吉酒",0,"",0,0,1,0,0,False,"","ui/icon/025000/025057.tex","",4,1,"胜利的美酒",0,"normal/item_start",0
2002217,"补给物资木箱",0,"",0,0,1,0,0,False,"","ui/icon/021000/021003.tex","",1,1,"孤独的哨兵",0,"normal/item_start",0
2002218,"遗物首饰",0,"",0,0,1,0,0,False,"","ui/icon/054000/054816.tex","",1,1,"解放军战士的过去",0,"normal/item_start",0
2002219,"被抢走的货物",0,"",0,0,1,0,0,False,"","ui/icon/021000/021003.tex","",2,1,"补给线上的兹兹戴斯",0,"normal/item_start",0
2002220,"姆德斯德的大角",0,"",0,0,1,0,0,False,"","ui/icon/022000/022205.tex","",1,1,"生于山中，死于山中",0,"normal/item_start",0
2002221,"姆德斯德药茶",0,"",0,0,1,0,0,False,"","ui/icon/024000/024406.tex","",1,1,"美味的药茶",0,"normal/item_start",0
2002222,"大块苔玉",0,"",0,0,1,0,0,False,"","ui/icon/022000/022625.tex","任务道具",2,1,"扎根荒地的树木",3,"normal/item_start",0
2002223,"红色船旗",0,"",0,0,1,0,0,False,"","ui/icon/021000/021615.tex","",1,1,"走出绝境",0,"normal/item_start",0
2002224,"货物目录",0,"",0,0,1,0,0,False,"","ui/icon/025000/025906.tex","",1,1,"走出绝境",0,"normal/item_start",0
2002225,"寄给琪琪茉的书信",0,"",0,0,1,0,0,False,"","ui/icon/026000/026151.tex","",1,1,"新天地",0,"normal/item_start",0
2002226,"飞鲨鳍",0,"",0,0,1,0,0,False,"","ui/icon/022000/022251.tex","",1,1,"新天地",0,"normal/item_start",0
2002227,"",0,"",0,0,1,0,0,False,"","ui/icon/021000/021003.tex","",1,1,,0,"normal/item_start",0
2002228,"",0,"",0,0,1,0,0,False,"","ui/icon/026000/026151.tex","",1,1,,0,"normal/item_start",0
2002229,"黏糊糊的兽脂",0,"",0,0,1,0,0,False,"","ui/icon/022000/022603.tex","",1,1,"巧言令色",0,"normal/item_start",0
2002230,"黏糊糊的兽脂",0,"",0,0,1,0,0,False,"","ui/icon/022000/022603.tex","",1,1,"无需多言",0,"normal/item_start",0
2002231,"盖章的羊皮纸",0,"",0,0,1,0,0,False,"","ui/icon/025000/025906.tex","",1,1,"无需多言",0,"normal/item_start",0
2002232,"破碎的子弹",0,"",0,0,1,0,0,False,"","ui/icon/026000/026108.tex","",1,1,"火枪与宝剑",0,"normal/item_start",0
2002233,"皮项圈",0,"",0,0,1,0,0,False,"","ui/icon/026000/026316.tex","",1,1,"火枪与宝剑",0,"normal/item_start",0
2002234,"锋利的石片",0,"",0,0,1,0,0,False,"","ui/icon/021000/021452.tex","",99,1,,0,"normal/item_start",0
2002235,"失窃的首饰",0,"",0,0,1,0,0,False,"","ui/icon/026000/026111.tex","",99,1,,0,"normal/item_start",0
2002236,"2级传送魔纹的地图",0,"",0,0,1,0,0,False,"","ui/icon/026000/026151.tex","任务道具",1,2,,0,"normal/item_start",0
2002237,"乌尔王杯斗技大会的请柬",0,"",0,0,1,0,0,False,"","ui/icon/026000/026173.tex","",1,1,"斗技大会",0,"normal/item_start",0
2002238,"染血的护身符",0,"",0,0,1,0,0,False,"","ui/icon/026000/026111.tex","",1,1,"松叶门外之变",0,"normal/item_start",0
2002239,"水蛇肝",0,"",0,0,1,0,0,False,"","ui/icon/029000/029002.tex","",3,1,"栖息地迁徙",0,"normal/item_start",0
2002240,"致古恩德巴尔德的信",0,"",0,0,1,0,0,False,"","ui/icon/025000/025918.tex","",1,1,"复兴之路",0,"normal/item_start",0
2002241,"散发恶臭的液体",0,"",0,0,1,0,0,False,"","ui/icon/022000/022637.tex","任务道具",6,1,"臭有所用",3,"normal/item_start",0
2002242,"修缮石围墙用的石头",0,"",0,0,1,0,0,False,"","ui/icon/021000/021454.tex","",4,1,"石围墙承包人",0,"normal/item_start",0
2002243,"幽暗行灯",0,"",0,0,1,0,0,False,"","ui/icon/051000/051112.tex","",1,1,"海底探索",0,"normal/item_start",0
2002244,"捕兽夹",0,"",0,0,1,0,0,False,"","ui/icon/021000/021003.tex","任务道具",6,1,"剪定的陷阱",3,"normal/item_start",0
2002245,"捕鱼人的钓具箱",0,"",0,0,1,0,0,False,"","ui/icon/021000/021002.tex","",1,1,"以优秀的渔夫为目标",0,"normal/item_start",0
2002246,"木柴",0,"",0,0,1,0,0,False,"","ui/icon/052000/052113.tex","",1,1,"玄水连山的天然水",0,"normal/item_start",0
2002247,"生鲜淡水鱼",0,"",0,0,1,0,0,False,"","ui/icon/029000/029034.tex","",1,1,"玄水连山的天然水",0,"normal/item_start",0
2002248,"延夏艾草束",0,"",0,0,1,0,0,False,"","ui/icon/025000/025036.tex","",1,1,"尊严不再",0,"normal/item_start",0
2002249,"无二江的河藻",0,"",0,0,1,0,0,False,"","ui/icon/025000/025217.tex","",1,1,"尊严不再",0,"normal/item_start",0
2002250,"小树苗",0,"",0,0,1,0,0,False,"","ui/icon/052000/052185.tex","",1,1,"痴迷赏花",0,"normal/item_start",0
2002251,"木酢液",0,"",0,0,1,0,0,False,"","ui/icon/020000/020665.tex","",1,1,"痴迷赏花",0,"normal/item_start",0
2002252,"浑浊的泥水",0,"",0,0,1,0,0,False,"","ui/icon/022000/022637.tex","任务道具",3,1,"饮茶也要适度",3,"normal/item_start",0
2002253,"沾满泥的钱包",0,"",0,0,1,0,0,False,"","ui/icon/026000/026001.tex","",1,1,"冷笑的家伙",0,"normal/item_start",0
2002254,"老师的铃铛",0,"",0,0,1,0,0,False,"","ui/icon/026000/026001.tex","",1,1,"三个臭皮匠",0,"normal/item_start",0
2002255,"装药草的袋子",0,"",0,0,1,0,0,False,"","ui/icon/026000/026110.tex","",1,1,"购物高手",0,"normal/item_start",0
2002256,"装道具的箱子",0,"",0,0,1,0,0,False,"","ui/icon/021000/021003.tex","",1,1,"购物高手",0,"normal/item_start",0
2002257,"装种子的壶",0,"",0,0,1,0,0,False,"","ui/icon/022000/022802.tex","",1,1,"购物高手",0,"normal/item_start",0
2002258,"伯尔斯虎的大牙",0,"",0,0,1,0,0,False,"","ui/icon/022000/022303.tex","",2,1,"传承之声",0,"normal/item_start",0
2002259,"装满肉的袋子",0,"",0,0,1,0,0,False,"","ui/icon/026000/026110.tex","",1,1,"奇怪的维亚吉儿部",0,"normal/item_start",0
2002260,"3级传送魔纹的地图",0,"",0,0,1,0,0,False,"","ui/icon/026000/026151.tex","任务道具",1,2,,0,"normal/item_start",0
2002261,"维达盖尔特的挑战书",0,"",0,0,1,0,0,False,"","ui/icon/026000/026151.tex","",1,1,"守护之力",0,"normal/item_start",0
2002262,"线索笔记",0,"",0,0,1,0,0,False,"","ui/icon/026000/026151.tex","任务道具",1,1,"沉睡的猛龙",3,"normal/item_start",0
2002263,"东阿尔迪纳德商会的契约书",0,"",0,0,1,0,0,False,"","ui/icon/026000/026151.tex","",1,1,"新天地",0,"normal/item_start",0
2002264,"飞鲨的肝脏",0,"",0,0,1,0,0,False,"","ui/icon/029000/029002.tex","",3,1,"绝不退休",0,"normal/item_start",0
2002265,"力量之石",0,"",0,0,1,0,0,False,"","ui/icon/021000/021225.tex","",1,1,"碧玉水的大力士",0,"normal/item_start",0
2002266,"金黄色的胃石",0,"",0,0,1,0,0,False,"","ui/icon/021000/021279.tex","",1,1,"制作护身符",0,"normal/item_start",0
2002267,"狮鹫的羽毛",0,"",0,0,1,0,0,False,"","ui/icon/021000/021902.tex","",99,1,,0,"normal/item_start",0
2002268,"漂亮的珊瑚",0,"",0,0,1,0,0,False,"","ui/icon/022000/022207.tex","",99,1,,0,"normal/item_start",0
2002269,"被抢走的宝物",0,"",0,0,1,0,0,False,"","ui/icon/026000/026001.tex","",99,1,,0,"normal/item_start",0
2002270,"稻苗",0,"",0,0,1,0,0,False,"","ui/icon/027000/027451.tex","",99,1,,0,"normal/item_start",0
2002271,"红角犀鸟的蛋",0,"",0,0,1,0,0,False,"","ui/icon/025000/025251.tex","",99,1,,0,"normal/item_start",0
2002272,"亚拉戈文明的书籍",0,"",0,0,1,0,0,False,"","ui/icon/026000/026158.tex","",1,1,"苏醒的使者",0,"normal/item_start",0
2002273,"给罗薇娜的信",0,"",0,0,1,0,0,False,"","ui/icon/026000/026171.tex","",1,1,"亚拉戈的记录",0,"normal/item_start",0
2002274,"42式手榴弹",0,"",0,0,1,0,0,False,"","ui/icon/026000/026015.tex","",1,1,"奋斗不止",3,"normal/item_start",3
2002275,"水精核心",0,"",0,0,1,0,0,False,"","ui/icon/020000/020208.tex","",3,1,"生命之水",0,"normal/item_start",0
2002276,"被抢走的皮袋",0,"",0,0,1,0,0,False,"","ui/icon/025000/025991.tex","",1,1,"石头的时代",0,"normal/item_start",0
2002277,"装有矿石的木箱",0,"",0,0,1,0,0,False,"","ui/icon/021000/021003.tex","",1,1,"石头的时代",0,"normal/item_start",0
2002278,"远东米酒",0,"",0,0,1,0,0,False,"","ui/icon/026000/026514.tex","任务道具",1,1,"最棒的温泉",3,"normal/item_start",0
2002279,"大铃铛的画",0,"",0,0,1,0,0,False,"","ui/icon/025000/025999.tex","",1,1,"少女眼中的景色",0,"normal/item_start",0
2002280,"壮丽的门的画",0,"",0,0,1,0,0,False,"","ui/icon/025000/025999.tex","",1,1,"少女眼中的景色",0,"normal/item_start",0
2002281,"大麻袋",0,"",0,0,1,0,0,False,"","ui/icon/026000/026110.tex","任务道具",3,1,"海贼众的惩罚方法",1,"normal/item_start",0
2002282,"捕获的大海蛇",0,"",0,0,1,0,0,False,"","ui/icon/026000/026110.tex","",3,1,"海贼众的惩罚方法",0,"normal/item_start",0
2002283,"陆生者药丸",0,"",0,0,1,0,0,False,"","ui/icon/025000/025990.tex","",1,1,"海盗也晕船",0,"normal/item_start",0
2002284,"干燥的兽骨",0,"",0,0,1,0,0,False,"","ui/icon/022000/022201.tex","",4,1,"神谕骰子",0,"normal/item_start",0
2002285,"42式手榴弹",0,"",0,0,1,0,0,False,"","ui/icon/026000/026015.tex","",6,1,"贩卖帝国兵器",3,"normal/item_start",5
2002286,"手工药弹",0,"",0,0,1,0,0,False,"","ui/icon/026000/026015.tex","",8,1,"为了和平的炸弹",3,"normal/item_start",6
2002287,"护身烟雾弹",0,"",0,0,1,0,0,False,"","ui/icon/026000/026015.tex","",1,1,"为了和平的炸弹",0,"normal/item_start",0
2002288,"快要腐烂的鱼",0,"",0,0,1,0,0,False,"","ui/icon/029000/029055.tex","任务道具",2,1,"锅中主角",3,"normal/item_start",0
2002289,"珊瑚壳的腿",0,"",0,0,1,0,0,False,"","ui/icon/029000/029201.tex","",2,1,"锅中主角",0,"normal/item_start",0
2002290,"海底的漂流物",0,"",0,0,1,0,0,False,"","ui/icon/021000/021002.tex","",6,1,"甲人族的寻宝方法",0,"normal/item_start",0
2002291,"卡克儿部的食材",0,"",0,0,1,0,0,False,"","ui/icon/024000/024453.tex","",1,1,"沉默是金",0,"normal/item_start",0
2002292,"答兹喀部的食材",0,"",0,0,1,0,0,False,"","ui/icon/025000/025157.tex","",1,1,"沉默是金",0,"normal/item_start",0
2002293,"渔村的食材",0,"",0,0,1,0,0,False,"","ui/icon/024000/024315.tex","",1,1,"沉默是金",0,"normal/item_start",0
2002294,"帐篷支柱",0,"",0,0,1,0,0,False,"","ui/icon/022000/022453.tex","",1,1,"草原的贵重品",0,"normal/item_start",0
2002295,"长毛象的粗皮",0,"",0,0,1,0,0,False,"","ui/icon/022000/022008.tex","",3,1,"为了生在草原的孩子",0,"normal/item_start",0
2002296,"干燥的树叶",0,"",0,0,1,0,0,False,"","ui/icon/025000/025034.tex","",1,1,"为了生在草原的孩子",0,"normal/item_start",0
2002297,"奥罗尼部的奶酒",0,"",0,0,1,0,0,False,"","ui/icon/024000/024454.tex","任务道具",5,1,"太阳神的手指",3,"normal/item_start",0
2002298,"奥罗尼部的皮袋",0,"",0,0,1,0,0,False,"","ui/icon/025000/025991.tex","",1,1,"可靠的妻子",0,"normal/item_start",0
2002299,"传统秘药",0,"",0,0,1,0,0,False,"","ui/icon/020000/020642.tex","",1,1,"可靠的妻子",1,"normal/item_start",0
2002300,"邪鸟木绍布的蛋",0,"",0,0,1,0,0,False,"","ui/icon/025000/025252.tex","",3,1,"治病的蛋",0,"normal/item_start",0
2002301,"七彩沟的结晶",0,"",0,0,1,0,0,False,"","ui/icon/020000/020020.tex","",1,1,"彩虹池",0,"normal/item_start",0
2002302,"七彩沟的泉水",0,"",0,0,1,0,0,False,"","ui/icon/022000/022614.tex","",1,1,"彩虹池",0,"normal/item_start",0
2002303,"纯黑色的墨汁",0,"",0,0,1,0,0,False,"","ui/icon/022000/022603.tex","",1,1,"做出决意的那天",3,"normal/item_start",0
2002304,"玄水酒",0,"",0,0,1,0,0,False,"","ui/icon/026000/026514.tex","任务道具",1,1,"践行酒",3,"normal/item_start",0
2002305,"酸性秘药",0,"",0,0,1,0,0,False,"","ui/icon/020000/020661.tex","",1,1,"钢铁之心",1,"normal/item_start",0
2002306,"和服店的传单",0,"",0,0,1,0,0,False,"","ui/icon/026000/026151.tex","",6,1,"童工",0,"normal/item_start",0
2002307,"姆德斯德的兽脂",0,"",0,0,1,0,0,False,"","ui/icon/020000/020673.tex","任务道具",1,1,"刺激的消味剂",3,"normal/item_start",0
2002308,"冰镇的皮袋",0,"",0,0,1,0,0,False,"","ui/icon/026000/026110.tex","",1,1,"部落外的灵魂",0,"normal/item_start",0
2002309,"青绿色的茨菰",0,"",0,0,1,0,0,False,"","ui/icon/025000/025919.tex","",3,1,"黑鼻挑战除杂草",0,"normal/item_start",0
2002310,"帝国式物资箱",0,"",0,0,1,0,0,False,"","ui/icon/026000/026516.tex","",1,1,"为了填饱肚子",0,"normal/item_start",0
2002311,"装着食材的包裹",0,"",0,0,1,0,0,False,"","ui/icon/026000/026111.tex","",1,1,"为了填饱肚子",0,"normal/item_start",0
2002312,"石匠的锤子",0,"",0,0,1,0,0,False,"","ui/icon/035000/035052.tex","",1,1,"战友的遗物",0,"normal/item_start",0
2002313,"帝国军的物资箱",0,"",0,0,1,0,0,False,"","ui/icon/026000/026516.tex","",1,1,"帝国兵与秘密的地图",0,"normal/item_start",0
2002314,"狱蟾蜍的筋腱",0,"",0,0,1,0,0,False,"","ui/icon/021000/021005.tex","",4,1,"战争带来的发展",0,"normal/item_start",0
2002315,"结实的麻袋",0,"",0,0,1,0,0,False,"","ui/icon/026000/026111.tex","任务道具",2,1,"魔物的使用方法",1,"normal/item_start",0
2002316,"装有虾蛄的麻袋",0,"",0,0,1,0,0,False,"","ui/icon/026000/026111.tex","",2,1,"魔物的使用方法",0,"normal/item_start",0
2002317,"特制麻痹粉",0,"",0,0,1,0,0,False,"","ui/icon/021000/021006.tex","",2,1,"不知火的真身",3,"normal/item_start",0
2002318,"褐色液体",0,"",0,0,1,0,0,False,"","ui/icon/020000/020663.tex","任务道具",3,1,"凿石匠的牵挂",3,"normal/item_start",0
2002319,"木棉手巾",0,"",0,0,1,0,0,False,"","ui/icon/021000/021611.tex","",3,1,"灵魂寄宿于甲壳之中",0,"normal/item_start",0
2002320,"红角犀鸟胸肉",0,"",0,0,1,0,0,False,"","ui/icon/025000/025151.tex","",3,1,"陆地上的山珍",0,"normal/item_start",0
2002321,"巨大腐花",0,"",0,0,1,0,0,False,"","ui/icon/025000/025027.tex","",3,1,"阿答儿金部的继承者",0,"normal/item_start",0
2002322,"玛塔蛇颈龟的大甲壳",0,"",0,0,1,0,0,False,"","ui/icon/022000/022262.tex","",1,1,"模儿部的新娘",0,"normal/item_start",0
2002323,"玛塔蛇颈龟的大爪",0,"",0,0,1,0,0,False,"","ui/icon/022000/022302.tex","",1,1,"模儿部的新娘",0,"normal/item_start",0
2002324,"大麻袋",0,"",0,0,1,0,0,False,"","ui/icon/026000/026110.tex","任务道具",3,1,"谢谢你，帝国军",1,"normal/item_start",0
2002325,"装有远角犀的麻袋",0,"",0,0,1,0,0,False,"","ui/icon/026000/026110.tex","",3,1,"谢谢你，帝国军",0,"normal/item_start",0
2002326,"协商会的通知书",0,"",0,0,1,0,0,False,"","ui/icon/026000/026193.tex","",4,1,"心中的阴影",0,"normal/item_start",0
2002327,"鱼鳞的鱼竿",0,"",0,0,1,0,0,False,"","ui/icon/038000/038202.tex","",1,1,"我是鱼鳞！",0,"normal/item_start",0
2002328,"水蛇肉",0,"",0,0,1,0,0,False,"","ui/icon/025000/025151.tex","",3,1,"设置陷阱",0,"normal/item_start",0
2002329,"纪念戒指",0,"",0,0,1,0,0,False,"","ui/icon/054000/054403.tex","",1,1,"轻生",0,"normal/item_start",0
2002330,"写给贝蕾塔的信",0,"",0,0,1,0,0,False,"","ui/icon/025000/025918.tex","",1,1,"独子的下落",0,"normal/item_start",0
2002331,"艾拉特的礼物",0,"",0,0,1,0,0,False,"","ui/icon/026000/026111.tex","",1,1,"遗言",0,"normal/item_start",0
2002332,"海藻撒饵",0,"",0,0,1,0,0,False,"","ui/icon/029000/029063.tex","任务道具",1,1,"梦幻灵药",3,"normal/item_start",0
2002333,"贵人观梦螺的壳",0,"",0,0,1,0,0,False,"","ui/icon/029000/029015.tex","",1,1,"梦幻灵药",0,"normal/item_start",0
2002334,"拉尔戈护身符",0,"",0,0,1,0,0,False,"","ui/icon/026000/026151.tex","",1,1,"信仰之证",0,"normal/item_start",0
2002335,"阿尼罗的核心",0,"",0,0,1,0,0,False,"","ui/icon/021000/021262.tex","",3,1,"凿石秘诀",0,"normal/item_start",0
2002336,"土壤样本",0,"",0,0,1,0,0,False,"","ui/icon/022000/022623.tex","",3,1,"流星尾",0,"normal/item_start",0
2002337,"水质样本",0,"",0,0,1,0,0,False,"","ui/icon/022000/022614.tex","",1,1,"流星尾",0,"normal/item_start",0
2002338,"装着灯笼的木箱",0,"",0,0,1,0,0,False,"","ui/icon/021000/021003.tex","",1,1,"工匠精神",0,"normal/item_start",0
2002339,"冰凉的井水",0,"",0,0,1,0,0,False,"","ui/icon/029000/029431.tex","任务道具",1,1,"海猫茶屋",3,"normal/item_start",0
2002340,"海蕴",0,"",0,0,1,0,0,False,"","ui/icon/029000/029063.tex","",4,1,"红玉海的馈赠",0,"normal/item_start",0
2002341,"倒卖的物资箱",0,"",0,0,1,0,0,False,"","ui/icon/021000/021003.tex","",1,1,"不为人知的协助者",0,"normal/item_start",0
2002342,"乳白色的软膏",0,"",0,0,1,0,0,False,"","ui/icon/027000/027605.tex","任务道具",1,1,"黄金港的守护者",3,"normal/item_start",0
2002343,"生姜膏药贴",0,"",0,0,1,0,0,False,"","ui/icon/026000/026108.tex","",1,1,"肩负着大米与梦想",0,"normal/item_start",0
2002344,"吉祥天女鸢尾花",0,"",0,0,1,0,0,False,"","ui/icon/025000/025022.tex","",5,1,"母亲的宠爱",0,"normal/item_start",0
2002345,"用旧了的工具",0,"",0,0,1,0,0,False,"","ui/icon/021000/021003.tex","",3,1,"通向复兴的交错路",0,"normal/item_start",0
2002346,"瞪羚的大角",0,"",0,0,1,0,0,False,"","ui/icon/022000/022206.tex","",1,1,"离开的人与留下的人",0,"normal/item_start",0
2002347,"洽普利蚱蜢的腿",0,"",0,0,1,0,0,False,"","ui/icon/026000/026110.tex","",3,1,"被禁止的风土菜",0,"normal/item_start",0
2002348,"闪蝶鳞粉",0,"",0,0,1,0,0,False,"","ui/icon/021000/021219.tex","",1,1,"鳞粉的光辉",0,"normal/item_start",0
2002349,"花蜜糖浆",0,"",0,0,1,0,0,False,"","ui/icon/025000/025102.tex","任务道具",1,1,"鳞粉的光辉",3,"normal/item_start",0
2002350,"轻巧包裹",0,"",0,0,1,0,0,False,"","ui/icon/026000/026109.tex","",1,1,"辐射村的特产",0,"normal/item_start",0
2002351,"新鲜的蔬菜",0,"",0,0,1,0,0,False,"","ui/icon/025000/025207.tex","任务道具",1,1,"彷徨的憎恶",3,"normal/item_start",0
2002352,"褐色的麻痹粉",0,"",0,0,1,0,0,False,"","ui/icon/021000/021006.tex","",1,1,"彷徨的憎恶",0,"normal/item_start",0
2002353,"卡托布莱帕斯的邪眼",0,"",0,0,1,0,0,False,"","ui/icon/021000/021274.tex","",1,1,"彷徨的憎恶",3,"normal/item_start",0
2002354,"长颈骆的粗皮",0,"",0,0,1,0,0,False,"","ui/icon/022000/022003.tex","",3,1,"不同的客人",0,"normal/item_start",0
2002355,"吹箭筒",0,"",0,0,1,0,0,False,"","ui/icon/021000/021002.tex","任务道具",1,1,"活捉弗帕计划",3,"normal/item_start",0
2002356,"麻痹的弗帕",0,"",0,0,1,0,0,False,"","ui/icon/059000/059563.tex","",1,1,"活捉弗帕计划",0,"normal/item_start",0
2002357,"真狮鹫的肉",0,"",0,0,1,0,0,False,"","ui/icon/025000/025159.tex","",3,1,"美味大餐",0,"normal/item_start",0
2002358,"拉尔戈黄金花",0,"",0,0,1,0,0,False,"","ui/icon/025000/025028.tex","",3,1,"异国之友",0,"normal/item_start",0
2002359,"情书",0,"",0,0,1,0,0,False,"","ui/icon/026000/026174.tex","",1,1,"两情相悦",0,"normal/item_start",0
2002360,"紫罗兰花",0,"",0,0,1,0,0,False,"","ui/icon/025000/025003.tex","",1,1,"两情相悦",0,"normal/item_start",0
2002361,"雉鸡的羽毛",0,"",0,0,1,0,0,False,"","ui/icon/021000/021904.tex","",4,1,"王族狩猎场",0,"normal/item_start",0
2002362,"长毛象的肉",0,"",0,0,1,0,0,False,"","ui/icon/025000/025155.tex","",2,1,"最弱的缘由",0,"normal/item_start",0
2002363,"写给也速根的信",0,"",0,0,1,0,0,False,"","ui/icon/026000/026173.tex","",1,1,"兄弟斗技",0,"normal/item_start",0
2002364,"果子",0,"",0,0,1,0,0,False,"","ui/icon/024000/024054.tex","",1,1,"最强的厨师",0,"normal/item_start",0
2002365,"迷途羊羔的骨头",0,"",0,0,1,0,0,False,"","ui/icon/022000/022202.tex","任务道具",1,1,"最强的厨师",3,"normal/item_start",0
2002366,"毕方的胸肉",0,"",0,0,1,0,0,False,"","ui/icon/025000/025151.tex","",1,1,"最强的厨师",0,"normal/item_start",0
2002367,"小包裹",0,"",0,0,1,0,0,False,"","ui/icon/026000/026110.tex","",1,1,"朵塔儿部的教练",0,"normal/item_start",0
2002368,"帝国军物资箱",0,"",0,0,1,0,0,False,"","ui/icon/026000/026516.tex","",1,1,"夺壶作战！",0,"normal/item_start",0
2002369,"菊蒿汤",0,"",0,0,1,0,0,False,"","ui/icon/020000/020682.tex","任务道具",2,1,"卢恩人的反击",3,"normal/item_start",0
2002370,"捕牛绳",0,"",0,0,1,0,0,False,"","ui/icon/026000/026103.tex","任务道具",2,1,"丈夫的危机",1,"normal/item_start",0
2002371,"装箭头的皮袋",0,"",0,0,1,0,0,False,"","ui/icon/026000/026110.tex","",1,1,"古巢的居民",0,"normal/item_start",0
2002372,"伯尔斯虎的腿肉",0,"",0,0,1,0,0,False,"","ui/icon/025000/025153.tex","",3,1,"友谊的桥梁",0,"normal/item_start",0
2002373,"大量伯尔斯虎的腿肉",0,"",0,0,1,0,0,False,"","ui/icon/025000/025153.tex","",1,1,"友谊的桥梁",0,"normal/item_start",0
2002374,"木雕拟饵",0,"",0,0,1,0,0,False,"","ui/icon/027000/027069.tex","",1,1,"梦或魔",0,"normal/item_start",0
2002375,"名吉的鱼竿",0,"",0,0,1,0,0,False,"","ui/icon/038000/038202.tex","",1,1,"悬崖之上",0,"normal/item_start",0
2002376,"刺球爆弹怪的尸体",0,"",0,0,1,0,0,False,"","ui/icon/029000/029046.tex","任务道具",1,1,"悬崖之上",3,"normal/item_start",0
2002377,"刺球爆弹怪的脂肪",0,"",0,0,1,0,0,False,"","ui/icon/029000/029002.tex","",1,1,"渔村的希望",0,"normal/item_start",0
2002378,"海贼众的爆竹",0,"",0,0,1,0,0,False,"","ui/icon/026000/026015.tex","任务道具",1,1,"火光",3,"normal/item_start",0
2002379,"厚厚的情书",0,"",0,0,1,0,0,False,"","ui/icon/026000/026174.tex","",1,1,"滴水不漏塔塔露",0,"normal/item_start",0
2002380,"新鲜的羊奶",0,"",0,0,1,0,0,False,"","ui/icon/024000/024453.tex","",3,1,"默默无闻四十载",0,"normal/item_start",0
2002381,"黑皮卷轴",0,"",0,0,1,0,0,False,"","ui/icon/026000/026436.tex","",1,1,"澡堂大作战",0,"normal/item_start",0
2002382,"多玛鼬的大爪",0,"",0,0,1,0,0,False,"","ui/icon/022000/022302.tex","",1,1,"始祖密令",0,"normal/item_start",0
2002383,"赏钱",0,"",0,0,1,0,0,False,"","ui/icon/025000/025919.tex","",20,1,,0,"normal/item_start",0
2002384,"威尔雷德的剑",0,"",0,0,1,0,0,False,"","ui/icon/030000/030416.tex","",1,1,"思乡心切",0,"normal/item_start",0
2002385,"新鲜的羊奶",0,"",0,0,1,0,0,False,"","ui/icon/024000/024453.tex","",99,1,,0,"normal/item_start",0
2002386,"传送魔纹的地图",0,"",0,0,1,0,0,False,"","ui/icon/026000/026151.tex","任务道具",1,2,,0,"normal/item_start",0
2002387,"尚可使用的箭矢",0,"",0,0,1,0,0,False,"","ui/icon/027000/027206.tex","",3,1,"节俭持家",0,"normal/item_start",0
2002388,"牛鬼尾肉",0,"",0,0,1,0,0,False,"","ui/icon/025000/025153.tex","",8,1,"节俭持家",0,"normal/item_start",0
2002389,"被抢走的供品",0,"",0,0,1,0,0,False,"","ui/icon/023000/023001.tex","",99,1,,0,"normal/item_start",0
2002390,"新鲜的黑线鳕",0,"",0,0,1,0,0,False,"","ui/icon/029000/029012.tex","",3,1,"钓鱼与红莲节",0,"normal/item_start",0
2002391,"洽普利蚱蜢的锐角",0,"",0,0,1,0,0,False,"","ui/icon/022000/022304.tex","",1,1,"孤立无援",0,"normal/item_start",0
2002392,"犀鸟爪子",0,"",0,0,1,0,0,False,"","ui/icon/022000/022302.tex","",1,1,"孤立无援",0,"normal/item_start",0
2002393,"沉甸甸的麻袋",0,"",0,0,1,0,0,False,"","ui/icon/022000/022634.tex","",1,1,"神秘的碎渣",0,"normal/item_start",0
2002394,"永夏烟花",0,"",0,0,1,0,0,False,"","ui/icon/025000/025907.tex","任务道具",1,1,"永夏岛与红莲节",3,"normal/item_start",0
2002395,"永夏烟花",0,"",0,0,1,0,0,False,"","ui/icon/025000/025907.tex","任务道具",3,1,"烟火与红莲节",3,"normal/item_start",0
2002396,"格格鲁玖的望远镜",0,"",0,0,1,0,0,False,"","ui/icon/022000/022623.tex","",1,1,"宝物与红莲节",0,"normal/item_start",0
2002397,"红莲节的垃圾",0,"",0,0,1,0,0,False,"","ui/icon/026000/026110.tex","",99,1,,0,"normal/item_start",0
2002398,"金黄色的鱼冻",0,"",0,0,1,0,0,False,"","ui/icon/027000/027008.tex","",2,1," 芬芳的教训",3,"normal/item_start",0
2002399,"无瑕的珍珠",0,"",0,0,1,0,0,False,"","ui/icon/021000/021287.tex","",3,1," 来自大海的礼物",0,"normal/item_start",0
2002400,"翠水乡的淡水",0,"",0,0,1,0,0,False,"","ui/icon/022000/022653.tex","",1,1," 结缘的仪式",3,"normal/item_start",0
2002401,"珍珠贝的肉身",0,"",0,0,1,0,0,False,"","ui/icon/029000/029001.tex","任务道具",2,1," 慰劳的拥剑蟹火锅",3,"normal/item_start",0
2002402,"炽热的甲壳",0,"",0,0,1,0,0,False,"","ui/icon/022000/022258.tex","",2,1," 慰劳的拥剑蟹火锅",0,"normal/item_start",0
2002403,"牛鬼肥厚的肉",0,"",0,0,1,0,0,False,"","ui/icon/025000/025159.tex","",1,1," 吃吧！鲶鱼精们",0,"normal/item_start",0
2002404,"碧甲族的软膏",0,"",0,0,1,0,0,False,"","ui/icon/025000/025051.tex","",2,1," 老当益壮",0,"normal/item_start",0
2002405,"碧甲族的防水袋",0,"",0,0,1,0,0,False,"","ui/icon/026000/026111.tex","任务道具",1,1," 大海的金块",3,"normal/item_start",0
2002406,"气味浓郁的袋子",0,"",0,0,1,0,0,False,"","ui/icon/026000/026111.tex","",1,1," 大海的金块",0,"normal/item_start",0
2002407,"写给格贝林的介绍信",0,"",0,0,1,0,0,False,"","ui/icon/025000/025918.tex","",1,1,"美与幻影的秘籍",0,"normal/item_start",0
2002408,"西方的金币",0,"",0,0,1,0,0,False,"","ui/icon/026000/026276.tex","",2,1," 奇怪的宝箱",0,"normal/item_start",0
2002409,"西方的银币",0,"",0,0,1,0,0,False,"","ui/icon/026000/026275.tex","",4,1," 奇怪的宝箱",0,"normal/item_start",0
2002410,"渔村的干货",0,"",0,0,1,0,0,False,"","ui/icon/024000/024315.tex","",1,1," 重义轻财",0,"normal/item_start",0
2002411,"渔村的鱼笼",0,"",0,0,1,0,0,False,"","ui/icon/022000/022261.tex","",1,1," 重义轻财",0,"normal/item_start",0
2002412,"渔村的木桶",0,"",0,0,1,0,0,False,"","ui/icon/022000/022637.tex","",1,1," 重义轻财",0,"normal/item_start",0
2002413,"月之碎片",0,"",0,0,1,0,0,False,"","ui/icon/021000/021266.tex","",3,1," 月之碎片",0,"normal/item_start",0
2002414,"海贼炸药",0,"",0,0,1,0,0,False,"","ui/icon/026000/026015.tex","任务道具",1,1," 珍珠色的材料",3,"normal/item_start",0
2002415,"红玉海的漂流物",0,"",0,0,1,0,0,False,"","ui/icon/025000/025919.tex","",3,1," 何谓宝物",0,"normal/item_start",0
2002416,"血橙汁",0,"",0,0,1,0,0,False,"","ui/icon/024000/024401.tex","",1,1,"华丽的投影世界",0,"normal/item_start",0
2002417,"东方风味橙汁",0,"",0,0,1,0,0,False,"","ui/icon/024000/024401.tex","",1,1,"美与幻影的秘籍",0,"normal/item_start",0
2002418,"湿滑滑的漂流物",0,"",0,0,1,0,0,False,"","ui/icon/025000/025975.tex","",4,1," 贝壳中的宝物",0,"normal/item_start",0
2002419,"活蹦乱跳的红玉虾",0,"",0,0,1,0,0,False,"","ui/icon/029000/029138.tex","任务道具",2,1," 财缘广进",3,"normal/item_start",0
2002420,"龙之子的卵",0,"",0,0,1,0,0,False,"","ui/icon/027000/027031.tex","",2,1," 财缘广进",0,"normal/item_start",0
2002421,"远东米酒",0,"",0,0,1,0,0,False,"","ui/icon/025000/025051.tex","",1,1," 财缘广进",0,"normal/item_start",0
2002422,"海贼炸弹",0,"",0,0,1,0,0,False,"","ui/icon/026000/026015.tex","",3,1," 帝国的残照",3,"normal/item_start",3
2002423,"大毯子章鱼",0,"",0,0,1,0,0,False,"","ui/icon/029000/029023.tex","",1,1," 新鲜的礼物",0,"normal/item_start",0
2002424,"苦药丸",0,"",0,0,1,0,0,False,"","ui/icon/027000/027008.tex","",3,1," 给你个教训",3,"normal/item_start",0
2002425,"萨利夏的信",0,"",0,0,1,0,0,False,"","ui/icon/026000/026171.tex","",1,1," 新的伙伴是光之战士",0,"normal/item_start",0
2002426,"甲人腌菜",0,"",0,0,1,0,0,False,"","ui/icon/025000/025051.tex","",2,1," 保持缘分长久的秘诀",0,"normal/item_start",0
2002427,"被抢走的弓",0,"",0,0,1,0,0,False,"","ui/icon/032000/032202.tex","",1,1," 射日弓之缘",0,"normal/item_start",0
2002428,"沉甸甸的钱袋",0,"",0,0,1,0,0,False,"","ui/icon/026000/026001.tex","",1,1," 来自大海的礼物",0,"normal/item_start",0
2002429,"42式手榴弹",0,"",0,0,1,0,0,False,"","ui/icon/026000/026015.tex","",1,1," 恋爱专家",3,"normal/item_start",3
2002430,"阿露帕的请柬",0,"",0,0,1,0,0,False,"","ui/icon/026000/026171.tex","",2,1," 跨越种族之桥",0,"normal/item_start",0
2002431,"占卜用的石子",0,"",0,0,1,0,0,False,"","ui/icon/021000/021451.tex","",3,1," 提高士气的占卜",0,"normal/item_start",0
2002432,"陶瓷合金装甲片",0,"",0,0,1,0,0,False,"","ui/icon/020000/020954.tex","",3,1," 铁桥的优点",0,"normal/item_start",0
2002433,"深色的活力液",0,"",0,0,1,0,0,False,"","ui/icon/020000/020642.tex","任务道具",2,1," 贤者的治愈者",3,"normal/item_start",0
2002434,"苔小妖的碎块",0,"",0,0,1,0,0,False,"","ui/icon/022000/022801.tex","",2,1," 采集苔玉",0,"normal/item_start",0
2002435,"干谷的蘑菇",0,"",0,0,1,0,0,False,"","ui/icon/025000/025408.tex","",3,1," 家乡菜的味道",0,"normal/item_start",0
2002436,"瞪羚臀肉",0,"",0,0,1,0,0,False,"","ui/icon/025000/025154.tex","",2,1," 阿难陀族的必需品",0,"normal/item_start",0
2002437,"恶臭的袋子",0,"",0,0,1,0,0,False,"","ui/icon/025000/025919.tex","任务道具",2,1," 传递消息的狼烟",3,"normal/item_start",0
2002438,"红色的眼药",0,"",0,0,1,0,0,False,"","ui/icon/020000/020670.tex","",1,1," 喜欢占据道路的魔物",1,"normal/item_start",0
2002439,"清澈的盐水",0,"",0,0,1,0,0,False,"","ui/icon/022000/022614.tex","",2,1," 浮游的布",1,"normal/item_start",0
2002440,"饲料干草",0,"",0,0,1,0,0,False,"","ui/icon/025000/025357.tex","任务道具",1,1," 空腹的老魔象",3,"normal/item_start",0
2002441,"大音量炸药",0,"",0,0,1,0,0,False,"","ui/icon/026000/026015.tex","任务道具",1,1," 袭击巨物的蚁狮",1,"normal/item_start",0
2002442,"称奇道绝的脏床单",0,"",0,0,1,0,0,False,"","ui/icon/023000/023155.tex","",1,1," 顽固污渍歼灭战",0,"normal/item_start",0
2002443,"登峰造极的脏床单",0,"",0,0,1,0,0,False,"","ui/icon/023000/023152.tex","",1,1," 顽固污渍歼灭战",0,"normal/item_start",0
2002444,"返璞归真的脏床单",0,"",0,0,1,0,0,False,"","ui/icon/023000/023158.tex","",1,1," 顽固污渍歼灭战",0,"normal/item_start",0
2002445,"干净的床单",0,"",0,0,1,0,0,False,"","ui/icon/023000/023153.tex","",1,1," 顽固污渍歼灭战",0,"normal/item_start",0
2002446,"瞪羚碎肉",0,"",0,0,1,0,0,False,"","ui/icon/025000/025157.tex","任务道具",2,1," 光源战士",3,"normal/item_start",0
2002447,"帝王鳄的油脂",0,"",0,0,1,0,0,False,"","ui/icon/022000/022637.tex","",2,1," 光源战士",0,"normal/item_start",0
2002448,"鱼腥草叶",0,"",0,0,1,0,0,False,"","ui/icon/025000/025009.tex","",4,1," 保养从脚下开始",0,"normal/item_start",0
2002449,"鱼腥草软膏",0,"",0,0,1,0,0,False,"","ui/icon/022000/022603.tex","",1,1," 保养从脚下开始",0,"normal/item_start",0
2002450,"植物保存剂",0,"",0,0,1,0,0,False,"","ui/icon/022000/022664.tex","任务道具",3,1," 招待客人的药茶",3,"normal/item_start",0
2002451,"盛开的石竹花",0,"",0,0,1,0,0,False,"","ui/icon/025000/025028.tex","",3,1," 招待客人的药茶",0,"normal/item_start",0
2002452,"油桃",0,"",0,0,1,0,0,False,"","ui/icon/026000/026574.tex","",1,1,"外出采买",0,"normal/item_start",0
2002453,"阿难陀族药膏",0,"",0,0,1,0,0,False,"","ui/icon/022000/022852.tex","任务道具",2,1," 知识的灵活运用",3,"normal/item_start",0
2002454,"优质的泥岩",0,"",0,0,1,0,0,False,"","ui/icon/021000/021455.tex","",3,1," 传统与革新",0,"normal/item_start",0
2002455,"迦迦纳怪鸟的羽毛",0,"",0,0,1,0,0,False,"","ui/icon/026000/026110.tex","",2,1," 破风的箭羽",0,"normal/item_start",0
2002456,"管家之王的票据",0,"",0,0,1,0,0,False,"","ui/icon/026000/026173.tex","",2,1,"女儿节的大声援",0,"normal/item_start",0
2002457,"特制声援装",0,"",0,0,1,0,0,False,"","ui/icon/026000/026509.tex","",1,1,"女儿节的大声援",0,"normal/item_start",0
2002458,"生锈的项链",0,"",0,0,1,0,0,False,"","ui/icon/054000/054919.tex","",1,1,"女儿节与无名少女",0,"normal/item_start",0
2002459,"褪色的耳坠",0,"",0,0,1,0,0,False,"","ui/icon/055000/055325.tex","",1,1,"女儿节与无名少女",0,"normal/item_start",0
2002460,"特制魔导光棒",0,"",0,0,1,0,0,False,"","ui/icon/021000/021002.tex","",1,1,"女儿节的大声援",0,"normal/item_start",0
2002461,"漂亮的装饰彩蛋",0,"",0,0,1,0,0,False,"","ui/icon/021000/021310.tex","任务道具",1,1,"彩蛋狩猎与美妙的邂逅",3,"normal/item_start",0
2002462,"剥落的石片",0,"",0,0,1,0,0,False,"","ui/icon/026000/026110.tex","",1,1,"彩蛋狩猎的大事件",0,"normal/item_start",0
2002463,"黑色的兽毛",0,"",0,0,1,0,0,False,"","ui/icon/026000/026110.tex","",1,1,"彩蛋狩猎的大事件",0,"normal/item_start",0
2002464,"夺回的装饰彩蛋",0,"",0,0,1,0,0,False,"","ui/icon/021000/021308.tex","",1,1,"彩蛋狩猎的大事件",0,"normal/item_start",0
2002465,"写给开拓团的书信",0,"",0,0,1,0,0,False,"","ui/icon/026000/026439.tex","",1,1,"君臣之义",0,"normal/item_start",0
2002466,"手绘风景画",0,"",0,0,1,0,0,False,"","ui/icon/025000/025999.tex","",1,1,"女儿节与无名少女",0,"normal/item_start",0
2002470,"风水玉手箱",0,"",0,0,1,0,0,False,"","ui/icon/026000/026057.tex","",1,1,"穿越时空的龟",0,"normal/item_start",0
2002471,"昏倒的鲶鱼精",0,"",0,0,1,0,0,False,"","ui/icon/025000/025919.tex","",1,1,"滋润吧鲶鱼精",0,"normal/item_start",0
2002472,"祭礼服装",0,"",0,0,1,0,0,False,"","ui/icon/025000/025919.tex","",3,1," 供奉吧鲶鱼精",0,"normal/item_start",0
2002473,"装有鱼信的皮袋",0,"",0,0,1,0,0,False,"","ui/icon/025000/025919.tex","任务道具",1,1," 抬起来吧鲶鱼精",3,"normal/item_start",0
2002474,"装有鱼信的皮袋",0,"",0,0,1,0,0,False,"","ui/icon/025000/025919.tex","任务道具",1,1," 燃烧吧鲶鱼精",3,"normal/item_start",0
2002475,"从暴发户那里得到的木材",0,"",0,0,1,0,0,False,"","ui/icon/022000/022410.tex","",1,1," 与暴发户的交易",0,"normal/item_start",0
2002476,"犏牛的大角",0,"",0,0,1,0,0,False,"","ui/icon/022000/022211.tex","",1,1," 优美的神轿量产工作",0,"normal/item_start",0
2002477,"模儿部的豆茶",0,"",0,0,1,0,0,False,"","ui/icon/024000/024408.tex","",1,1," 特制御神茶",0,"normal/item_start",0
2002478,"烤鲶鱼",0,"",0,0,1,0,0,False,"","ui/icon/025000/025919.tex","",1,1," 新名菜烤鲶鱼",0,"normal/item_start",0
2002479,"驱魔的爆竹",0,"",0,0,1,0,0,False,"","ui/icon/023000/023001.tex","任务道具",3,1," 文明气息的野蛮治疗",3,"normal/item_start",0
2002480,"神奇的泥水",0,"",0,0,1,0,0,False,"","ui/icon/022000/022637.tex","",3,1," 战前起舞",0,"normal/item_start",0
2002481,"献给维亚吉儿部的薄礼",0,"",0,0,1,0,0,False,"","ui/icon/025000/025919.tex","",1,1," 文明的邻里交流",0,"normal/item_start",0
2002482,"幸运胡萝卜",0,"",0,0,1,0,0,False,"","ui/icon/025000/025207.tex","",1,1,,0,"normal/item_start",0
2002483,"达尔马斯卡葡萄酒",0,"",0,0,1,0,0,False,"","ui/icon/025000/025057.tex","",1,1,"蔷薇和葡萄酒",0,"normal/item_start",0
2002484,"超高纯度土之水晶",0,"",0,0,1,0,0,False,"","ui/icon/020000/020012.tex","任务道具",1,1,"古代亚拉戈文明的遗产",3,"normal/item_start",0
2002485,"超高纯度水之水晶",0,"",0,0,1,0,0,False,"","ui/icon/020000/020008.tex","任务道具",1,1,"古代亚拉戈文明的遗产",3,"normal/item_start",0
2002486,"超高纯度火之水晶",0,"",0,0,1,0,0,False,"","ui/icon/020000/020007.tex","任务道具",1,1,"古代亚拉戈文明的遗产",3,"normal/item_start",0
2002487,"超高纯度风之水晶",0,"",0,0,1,0,0,False,"","ui/icon/020000/020010.tex","任务道具",1,1,"古代亚拉戈文明的遗产",3,"normal/item_start",0
2002488,"42式手榴弹",0,"",0,0,1,0,0,False,"","ui/icon/026000/026015.tex","",1,1,"人鱼之肉",3,"normal/item_start",3
2002493,"幸福烟雾弹",0,"",0,0,1,0,0,False,"","ui/icon/026000/026015.tex","投掷",1,1,"守护天节与奇异的暗号",5,"normal/item_start",4
2002494,"圣歌队的指挥棒",0,"",0,0,1,0,0,False,"","ui/icon/021000/021003.tex","",1,1,"星芒节的协助者们",0,"normal/item_start",0
2002495,"圣歌队的服装",0,"",0,0,1,0,0,False,"","ui/icon/021000/021005.tex","",1,1,"星芒节的协助者们",0,"normal/item_start",0
2002496,"九尾的魔笛",0,"",0,0,1,0,0,False,"","ui/icon/026000/026039.tex","任务道具",1,1,"九尾降临于世",3,"normal/item_start",0
2002497,"神秘纸张",0,"",0,0,1,0,0,False,"","ui/icon/026000/026151.tex","",1,1,"搭档是吉莉·阿里亚珀",0,"normal/item_start",0
2002498,"浅葱色装饰彩蛋",0,"",0,0,1,0,0,False,"","ui/icon/021000/021309.tex","",1,1,"搭档是吉莉·阿里亚珀",0,"normal/item_start",0
2002499,"神秘纸张",0,"",0,0,1,0,0,False,"","ui/icon/026000/026151.tex","",1,1,"彩蛋狩猎是新的旅程",0,"normal/item_start",0
2002500,"琥珀色装饰彩蛋",0,"",0,0,1,0,0,False,"","ui/icon/021000/021310.tex","",1,1,"彩蛋狩猎是新的旅程",0,"normal/item_start",0
2002503,"特殊宝物地图1",0,"",0,0,1,0,0,False,"","ui/icon/026000/026151.tex","任务道具",1,2,,0,"normal/item_start",0
2002504,"特殊传送魔纹地图1",0,"",0,0,1,0,0,False,"","ui/icon/026000/026151.tex","任务道具",1,2,,0,"normal/item_start",0
2002505,"大丁草的花冠",0,"",0,0,1,0,0,False,"","ui/icon/041000/041750.tex","",2,1,"女儿节与追梦的公主",0,"normal/item_start",0
2002506,"大丁草的花冠",0,"",0,0,1,0,0,False,"","ui/icon/041000/041750.tex","",1,1,"女儿节与花冠",0,"normal/item_start",0
2002507,"良缘仪式邀请函",0,"",0,0,1,0,0,False,"","ui/icon/026000/026187.tex","",3,1,"恋人节与多彩的爱",0,"normal/item_start",0
2002508,"达尔马斯卡葡萄酒",0,"",0,0,1,0,0,False,"","ui/icon/025000/025057.tex","",3,1,"寻物高手再出击",0,"normal/item_start",0
2002509,"返魂树根",0,"",0,0,1,0,0,False,"","ui/icon/025000/025005.tex","任务道具",1,1,"新次元学者",0,"normal/item_start",0
2002519,"夜之解毒药",0,"",0,0,1,0,0,False,"","ui/icon/020000/020601.tex","",1,1," 残存回忆的要塞",0,"normal/item_start",0
2002520,"古树的树皮",0,"",0,0,1,0,0,False,"","ui/icon/025000/025005.tex","",4,1," 大自“染”的守护",0,"normal/item_start",0
2002521,"凉了的红茶",0,"",0,0,1,0,0,False,"","ui/icon/020000/020641.tex","任务道具",5,1," 满是蘑菇的茶会",3,"normal/item_start",0
2002522,"茶菇",0,"",0,0,1,0,0,False,"","ui/icon/025000/025406.tex","",5,1," 满是蘑菇的茶会",0,"normal/item_start",0
2002523,"鲜艳的辉石",0,"",0,0,1,0,0,False,"","ui/icon/020000/020220.tex","",5,1," 辉石与旅行者",0,"normal/item_start",0
2002524,"甜美花蜜",0,"",0,0,1,0,0,False,"","ui/icon/020000/020647.tex","任务道具",1,1," 满满包裹的叶片",3,"normal/item_start",0
2002525,"大薄荷叶",0,"",0,0,1,0,0,False,"","ui/icon/025000/025026.tex","",2,1," 满满包裹的叶片",0,"normal/item_start",0
2002526,"崭新的蜡烛",0,"",0,0,1,0,0,False,"","ui/icon/026000/026102.tex","任务道具",3,1," 照亮希望的蜡烛",3,"normal/item_start",0
2002527,"话题“关于水晶都”",0,"",0,0,1,0,0,False,"","ui/icon/026000/026572.tex","",1,1,"第一世界的城市",0,"normal/item_start",0
2002528,"话题“关于光之泛滥”",0,"",0,0,1,0,0,False,"","ui/icon/026000/026572.tex","",1,1,"第一世界的城市",0,"normal/item_start",0
2002529,"话题“关于第一世界的人类”",0,"",0,0,1,0,0,False,"","ui/icon/026000/026572.tex","",1,1,"第一世界的城市",0,"normal/item_start",0
2002530,"光之巫女传说",0,"",0,0,1,0,0,False,"","ui/icon/026000/026002.tex","",1,1,"不请自来的客人",0,"normal/item_start",0
2002531,"王子之吻",0,"",0,0,1,0,0,False,"","ui/icon/020000/020623.tex","",1,1,"水晶都的气魄",0,"normal/item_start",1
2002532,"特制饲料",0,"",0,0,1,0,0,False,"","ui/icon/027000/027551.tex","",4,1,"敏菲利亚营救作战",0,"normal/item_start",0
2002533,"透镜草",0,"",0,0,1,0,0,False,"","ui/icon/026000/026575.tex","",1,1,"妖灵乡伊尔美格",0,"normal/item_start",0
2002534,"常春草的种子",0,"",0,0,1,0,0,False,"","ui/icon/027000/027459.tex","任务道具",3,1,"苏儿·乌因的请求",3,"normal/item_start",0
2002535,"挂钟果",0,"",0,0,1,0,0,False,"","ui/icon/025000/025318.tex","",2,1,"伊思·雅拉的呻吟",0,"normal/item_start",0
2002536,"身镜清水",0,"",0,0,1,0,0,False,"","ui/icon/022000/022614.tex","任务道具",2,1,"欧儿·希坤的工作",3,"normal/item_start",0
2002537,"苔菇的腿",0,"",0,0,1,0,0,False,"","ui/icon/022000/022259.tex","",2,1,"需要等价交换",0,"normal/item_start",0
2002538,"隐形墨水",0,"",0,0,1,0,0,False,"","ui/icon/025000/025923.tex","",6,1,"逆法派",0,"normal/item_start",0
2002539,"纪念之剑",0,"",0,0,1,0,0,False,"","ui/icon/030000/030428.tex","",1,1," 仗剑守护的要塞",0,"normal/item_start",0
2002540,"特制毒饵",0,"",0,0,1,0,0,False,"","ui/icon/029000/029017.tex","任务道具",3,1," 希望幸存的要塞",3,"normal/item_start",0
2002541,"龙堡百合",0,"",0,0,1,0,0,False,"","ui/icon/025000/025022.tex","",1,1,"献给那孤高的守护者",0,"normal/item_start",0
2002542,"给卡萨德的信",0,"",0,0,1,0,0,False,"","ui/icon/026000/026171.tex","",1,1,"寻找阿莉塞",0,"normal/item_start",0
2002543,"孚布特金币",0,"",0,0,1,0,0,False,"","ui/icon/026000/026573.tex","",1,1,"鼹灵族的市场",0,"normal/item_start",0
2002544,"",0,"",0,0,1,0,0,False,"","ui/icon/026000/026201.tex","",1,1,,0,"normal/item_start",0
2002545,"翡翠命名石",0,"",0,0,1,0,0,False,"","ui/icon/021000/021295.tex","",1,1,"遗失不遗忘",0,"normal/item_start",0
2002546,"蓝火蜡烛",0,"",0,0,1,0,0,False,"","ui/icon/026000/026102.tex","任务道具",1,1,"天上的无光之海",3,"normal/item_start",0
2002547,"手工烟雾弹",0,"",0,0,1,0,0,False,"","ui/icon/026000/026015.tex","任务道具",2,1,"潜入永暗",3,"normal/item_start",0
2002548,"大麻袋",0,"",0,0,1,0,0,False,"","ui/icon/026000/026110.tex","任务道具",2,1,"潜入永暗",3,"normal/item_start",0
2002549,"装着巨型蜂的麻袋",0,"",0,0,1,0,0,False,"","ui/icon/025000/025919.tex","",2,1,"潜入永暗",0,"normal/item_start",0
2002550,"隆卡印章",0,"",0,0,1,0,0,False,"","ui/icon/026000/026576.tex","",1,1,"蛇的饮水地",0,"normal/item_start",0
2002551,"话题“关于灵光卫的所在地”",0,"",0,0,1,0,0,False,"","ui/icon/026000/026572.tex","",1,1,"守护者的村子",0,"normal/item_start",0
2002552,"摹写黏土板",0,"",0,0,1,0,0,False,"","ui/icon/026000/026201.tex","任务道具",4,1,"晨星的引导",3,"normal/searchaction_start",1
2002553,"永暗解毒药",0,"",0,0,1,0,0,False,"","ui/icon/020000/020604.tex","任务道具",1,1,"被魔女保护之物",3,"normal/item_start",0
2002554,"寻脉灯火",0,"",0,0,1,0,0,False,"","ui/icon/025000/025911.tex","",1,1,"摇曳的灯火",0,"normal/item_start",0
2002555,"菁灵莳萝",0,"",0,0,1,0,0,False,"","ui/icon/025000/025009.tex","",2,1,"我能做到的事",0,"normal/item_start",0
2002556,"话题“关于索道矿车”",0,"",0,0,1,0,0,False,"","ui/icon/026000/026572.tex","",1,1,"繁华的痕迹",0,"normal/item_start",0
2002557,"话题“关于矿车铁轨”",0,"",0,0,1,0,0,False,"","ui/icon/026000/026572.tex","",1,1,"繁华的痕迹",0,"normal/item_start",0
2002558,"话题“关于飞空艇”",0,"",0,0,1,0,0,False,"","ui/icon/026000/026572.tex","",1,1,"繁华的痕迹",0,"normal/item_start",0
2002559,"检查用工具箱",0,"",0,0,1,0,0,False,"","ui/icon/021000/021003.tex","",1,1,"跃动于枕木之上",0,"normal/item_start",0
2002560,"废片的碎片",0,"",0,0,1,0,0,False,"","ui/icon/026000/026110.tex","",3,1,"如今的塔罗斯",0,"normal/item_start",0
2002561,"古旧的孚布特金币",0,"",0,0,1,0,0,False,"","ui/icon/026000/026573.tex","",1,1,"暗中试运",0,"normal/item_start",0
2002562,"手工烟包",0,"",0,0,1,0,0,False,"","ui/icon/026000/026110.tex","任务道具",3,1,"请一定要找到",3,"normal/item_start",0
2002563,"闪烁矿石",0,"",0,0,1,0,0,False,"","ui/icon/021000/021452.tex","",7,1,"请一定要找到",0,"normal/item_start",0
2002565,"狮目石",0,"",0,0,1,0,0,False,"","ui/icon/021000/021452.tex","",1,1,"活下去的理由",0,"normal/item_start",0
2002566,"驱幻粉尘",0,"",0,0,1,0,0,False,"","ui/icon/022000/022623.tex","任务道具",1,1,"接近传说中的生物萨迈尔的真相！",3,"normal/item_start",0
2002567,"豚猪结实的牙",0,"",0,0,1,0,0,False,"","ui/icon/022000/022303.tex","",1,1," 取之于林",0,"normal/item_start",0
2002568,"堇菜花",0,"",0,0,1,0,0,False,"","ui/icon/025000/025520.tex","任务道具",4,1," 缪栎与堇",3,"normal/item_start",0
2002569,"驱幻孢子",0,"",0,0,1,0,0,False,"","ui/icon/025000/025919.tex","任务道具",1,1,"你曾说过的话",3,"normal/item_start",0
2002570,"蓝鹿胸肉",0,"",0,0,1,0,0,False,"","ui/icon/025000/025159.tex","任务道具",2,1," 法诺村的药膳",0,"normal/item_start",0
2002571,"狞猫的血液",0,"",0,0,1,0,0,False,"","ui/icon/020000/020641.tex","",1,1," 法诺村的药膳",0,"normal/item_start",0
2002572,"北洋风格的机关箱子",0,"",0,0,1,0,0,False,"","ui/icon/026000/026544.tex","任务道具",1,1,"笃学者发问",1,"normal/item_start",0
2002573,"装有鹰蜓的机关箱子",0,"",0,0,1,0,0,False,"","ui/icon/026000/026544.tex","",1,1,"笃学者发问",0,"normal/item_start",0
2002574,"雷克兰德百里香",0,"",0,0,1,0,0,False,"","ui/icon/025000/025020.tex","",1,1,"不动之潮",0,"normal/item_start",0
2002575,"劳动民香水",0,"",0,0,1,0,0,False,"","ui/icon/020000/020624.tex","",1,1,"最后的享乐城市",3,"normal/item_start",0
2002576,"被托付的纸条",0,"",0,0,1,0,0,False,"","ui/icon/026000/026189.tex","",1,1,"满心欢喜的人们",0,"normal/item_start",0
2002577,"作为药钱的妙料",0,"",0,0,1,0,0,False,"","ui/icon/026000/026110.tex","",1,1,"满心欢喜的人们",0,"normal/item_start",0
2002578,"金黄勋章",0,"",0,0,1,0,0,False,"","ui/icon/026000/026573.tex","",1,1,"赛特的朋友",0,"normal/item_start",0
2002579,"没有署名的信件",0,"",0,0,1,0,0,False,"","ui/icon/025000/025918.tex","",1,1,"一往无前的孤高骑士",0,"normal/item_start",0
2002580,"红色秘药",0,"",0,0,1,0,0,False,"","ui/icon/020000/020626.tex","",1,1," 不许接近神殿",1,"normal/item_start",0
2002581,"浓烈的蒸馏酒",0,"",0,0,1,0,0,False,"","ui/icon/025000/025106.tex","",1,1," 今朝有酒今朝醉",0,"normal/item_start",0
2002582,"芳香麻袋",0,"",0,0,1,0,0,False,"","ui/icon/027000/027501.tex","",1,1," 牧场的工作体验",0,"normal/item_start",0
2002583,"装有蔬菜碎末的麻袋",0,"",0,0,1,0,0,False,"","ui/icon/026000/026110.tex","",1,1," 牧场的工作体验",0,"normal/item_start",0
2002584,"古旧的戒指",0,"",0,0,1,0,0,False,"","ui/icon/054000/054401.tex","",1,1," 过于勤劳的鼹灵族",0,"normal/item_start",0
2002585,"破旧的装饰盾牌",0,"",0,0,1,0,0,False,"","ui/icon/030000/030034.tex","",1,1," 拿巴示艾兰的遗物",0,"normal/item_start",0
2002586,"损坏的鼹灵族石像",0,"",0,0,1,0,0,False,"","ui/icon/025000/025316.tex","",1,1," 拿巴示艾兰的遗物",0,"normal/item_start",0
2002587,"人才招募传单",0,"",0,0,1,0,0,False,"","ui/icon/026000/026179.tex","",1,1," 医疗馆的帮手",0,"normal/item_start",0
2002588,"绯妖花蜜",0,"",0,0,1,0,0,False,"","ui/icon/024000/024403.tex","",1,1," 医疗馆的帮手",0,"normal/item_start",0
2002589,"绯妖花叶",0,"",0,0,1,0,0,False,"","ui/icon/025000/025026.tex","",1,1," 医疗馆的帮手",0,"normal/item_start",0
2002590,"主要设施列表",0,"",0,0,1,0,0,False,"","ui/icon/026000/026179.tex","",1,1," 水晶都小调查",0,"normal/item_start",0
2002591,"香喷喷烤点心",0,"",0,0,1,0,0,False,"","ui/icon/027000/027459.tex","",1,1," 可怕的烤点心",0,"normal/item_start",0
2002592,"草人集会图",0,"",0,0,1,0,0,False,"","ui/icon/025000/025999.tex","",1,1," 画家的行踪",0,"normal/item_start",0
2002593,"草人入浴图",0,"",0,0,1,0,0,False,"","ui/icon/025000/025999.tex","",1,1," 画家的行踪",0,"normal/item_start",0
2002594,"双向海龙的脊骨",0,"",0,0,1,0,0,False,"","ui/icon/022000/022303.tex","",1,1," 有家难回",0,"normal/item_start",0
2002595,"三叶虫的腿",0,"",0,0,1,0,0,False,"","ui/icon/029000/029110.tex","任务道具",1,1," 热菜烹饪前线",1,"normal/item_start",0
2002596,"三叶虫炖菜",0,"",0,0,1,0,0,False,"","ui/icon/024000/024105.tex","",1,1," 热菜烹饪前线",0,"normal/item_start",0
2002597,"硬皮刺魟的皮",0,"",0,0,1,0,0,False,"","ui/icon/021000/021822.tex","",1,1," 陆地上的猎人",0,"normal/item_start",0
2002598,"刺魟革制的装饰品",0,"",0,0,1,0,0,False,"","ui/icon/021000/021003.tex","",1,1," 陆地上的猎人",0,"normal/item_start",0
2002599,"封好的信封",0,"",0,0,1,0,0,False,"","ui/icon/025000/025918.tex","",3,1," 遗失的尊严",0,"normal/item_start",0
2002600,"话题：孚布特松饼",0,"",0,0,1,0,0,False,"","ui/icon/026000/026572.tex","",1,1," 拒绝妙料",0,"normal/item_start",0
2002601,"话题：推荐美食",0,"",0,0,1,0,0,False,"","ui/icon/026000/026572.tex","",1,1," 拒绝妙料",0,"normal/item_start",0
2002602,"话题：珂露西亚风味海鲜汤",0,"",0,0,1,0,0,False,"","ui/icon/026000/026572.tex","",1,1," 拒绝妙料",0,"normal/item_start",0
2002603,"废船的木材",0,"",0,0,1,0,0,False,"","ui/icon/022000/022453.tex","",4,1," 废船街的木材筹备",0,"normal/item_start",0
2002604,"古旧的戒指",0,"",0,0,1,0,0,False,"","ui/icon/054000/054407.tex","",1,1," 废船街的木材筹备",0,"normal/item_start",0
2002605,"镶有纹章的王冠",0,"",0,0,1,0,0,False,"","ui/icon/040000/040789.tex","",1,1," 所失之物乃家族荣耀",0,"normal/item_start",0
2002606,"刻有家名的项链",0,"",0,0,1,0,0,False,"","ui/icon/054000/054928.tex","",1,1," 所失之物乃家族荣耀",0,"normal/item_start",0
2002607,"紫水晶戒指",0,"",0,0,1,0,0,False,"","ui/icon/054000/054624.tex","",1,1," 所失之物乃家族荣耀",0,"normal/item_start",0
2002608,"香肠香水",0,"",0,0,1,0,0,False,"","ui/icon/020000/020701.tex","",1,1," 四溢的醇厚香气",1,"normal/item_start",0
2002609,"睡梦粉",0,"",0,0,1,0,0,False,"","ui/icon/021000/021006.tex","任务道具",3,1,"乐园之梦已成昨日",0,"normal/item_start",0
2002610,"睡梦粉",0,"",0,0,1,0,0,False,"","ui/icon/021000/021006.tex","任务道具",3,1,"侏儒烟囱",0,"normal/item_start",1
2002611,"矮人锄头",0,"",0,0,1,0,0,False,"","ui/icon/038000/038019.tex","",15,1,"希望萌芽",0,"normal/item_start",0
2002612,"束缚魔法球",0,"",0,0,1,0,0,False,"","ui/icon/021000/021263.tex","任务道具",1,1," 优等市民的义务",3,"normal/item_start",0
2002613,"以太绳",0,"",0,0,1,0,0,False,"","ui/icon/021000/021663.tex","任务道具",1,1," 优良市民需注意形象",1,"normal/item_start",0
2002614,"被束缚的卡部斯",0,"",0,0,1,0,0,False,"","ui/icon/025000/025979.tex","",1,1," 优良市民需注意形象",0,"normal/item_start",0
2002615,"新鲜的羊奶",0,"",0,0,1,0,0,False,"","ui/icon/024000/024453.tex","",1,1," 河狸的呼唤",0,"normal/item_start",0
2002616,"结实的海藻绳",0,"",0,0,1,0,0,False,"","ui/icon/026000/026103.tex","任务道具",3,1," 海底生活的魅惑",1,"normal/item_start",0
2002617,"捕获的海洋生物",0,"",0,0,1,0,0,False,"","ui/icon/026000/026108.tex","",3,1," 海底生活的魅惑",0,"normal/item_start",0
2002618,"订购商品",0,"",0,0,1,0,0,False,"","ui/icon/026000/026108.tex","",3,1,"大概可以吃",0,"normal/item_start",0
2002619,"手工炸药",0,"",0,0,1,0,0,False,"","ui/icon/026000/026015.tex","",1,1," 工作危机",3,"normal/item_start",3
2002620,"新鲜的白蚯蚓",0,"",0,0,1,0,0,False,"","ui/icon/027000/027032.tex","",4,1," 工作危机",0,"normal/item_start",0
2002621,"巨人掌的果肉",0,"",0,0,1,0,0,False,"","ui/icon/025000/025156.tex","",1,1," 浓郁美味！巨人掌",0,"normal/item_start",0
2002622,"香甜粉末",0,"",0,0,1,0,0,False,"","ui/icon/025000/025977.tex","",1,1," 爱操心的父亲",1,"normal/item_start",0
2002623,"给赛莫斯的信",0,"",0,0,1,0,0,False,"","ui/icon/026000/026171.tex","",1,1," 爱操心的父亲",0,"normal/item_start",0
2002624,"给吉因金的信",0,"",0,0,1,0,0,False,"","ui/icon/026000/026173.tex","",1,1," 父亲挑礼物",0,"normal/item_start",0
2002625,"商品小包",0,"",0,0,1,0,0,False,"","ui/icon/023000/023001.tex","",1,1," 招募人才！",0,"normal/item_start",0
2002626,"黄铜采水器",0,"",0,0,1,0,0,False,"","ui/icon/027000/027602.tex","任务道具",1,1," 荒野中的甘露",10,"normal/item_start",0
2002627,"装满甘露的采水器",0,"",0,0,1,0,0,False,"","ui/icon/027000/027602.tex","",1,1," 荒野中的甘露",0,"normal/item_start",0
2002628,"初级狂热怪物通缉令",0,"",0,0,1,0,0,False,"","ui/icon/026000/026568.tex","任务道具",1,4,,0,"normal/item_start",0
2002629,"中级狂热怪物通缉令",0,"",0,0,1,0,0,False,"","ui/icon/026000/026569.tex","任务道具",1,4,,0,"normal/item_start",0
2002630,"高级狂热怪物通缉令",0,"",0,0,1,0,0,False,"","ui/icon/026000/026570.tex","任务道具",1,4,,0,"normal/item_start",0
2002631,"狂热恶名精英通缉令",0,"",0,0,1,0,0,False,"","ui/icon/026000/026571.tex","任务道具",1,4,,0,"normal/item_start",0
2002632,"麻醉藓",0,"",0,0,1,0,0,False,"","ui/icon/025000/025919.tex","",3,1,"战士归来",0,"normal/item_start",0
2002633,"笔记“板材数量”",0,"",0,0,1,0,0,False,"","ui/icon/026000/026572.tex","",1,1,"大升降机",0,"normal/item_start",0
2002634,"笔记“板材数量”",0,"",0,0,1,0,0,False,"","ui/icon/026000/026572.tex","",1,1,"大升降机",0,"normal/item_start",0
2002635,"笔记“板材数量”",0,"",0,0,1,0,0,False,"","ui/icon/026000/026572.tex","",1,1,"大升降机",0,"normal/item_start",0
2002636,"螺旋水草",0,"",0,0,1,0,0,False,"","ui/icon/025000/025038.tex","",4,1," 装点家居",0,"normal/item_start",0
2002637,"温暖红花",0,"",0,0,1,0,0,False,"","ui/icon/025000/025991.tex","任务道具",3,1," 装点家居",3,"normal/item_start",0
2002638,"仙子的望远镜",0,"",0,0,1,0,0,False,"","ui/icon/026000/026316.tex","",1,1," 数仙子",0,"normal/item_start",0
2002639,"黑色卷轴",0,"",0,0,1,0,0,False,"","ui/icon/026000/026436.tex","",1,1,"胧的秘策",0,"normal/item_start",0
2002640,"麻醉菇的孢子囊",0,"",0,0,1,0,0,False,"","ui/icon/025000/025978.tex","",5,1," 洛！",0,"normal/item_start",0
2002641,"装有种子的袋子",0,"",0,0,1,0,0,False,"","ui/icon/027000/027454.tex","",6,1," 洛！",0,"normal/item_start",0
2002642,"盛开的花",0,"",0,0,1,0,0,False,"","ui/icon/025000/025519.tex","",3,1," 救救仙子猪！",0,"normal/item_start",0
2002643,"",0,"",0,0,1,0,0,False,"","ui/icon/025000/025525.tex","",1,1,,0,"normal/item_start",0
2002644,"",0,"",0,0,1,0,0,False,"","ui/icon/025000/025523.tex","",1,1,,0,"normal/item_start",0
2002645,"古书风格的笔记",0,"",0,0,1,0,0,False,"","ui/icon/026000/026173.tex","",2,1," 恶作剧的代价",0,"normal/item_start",0
2002646,"打磨过的剑",0,"",0,0,1,0,0,False,"","ui/icon/030000/030420.tex","任务道具",1,1," 变成草人的英雄",1,"normal/item_start",0
2002647,"琥珀鬣蜥的肉",0,"",0,0,1,0,0,False,"","ui/icon/025000/025155.tex","",2,1," 借井一用",0,"normal/item_start",0
2002648,"祛兽粉",0,"",0,0,1,0,0,False,"","ui/icon/025000/025919.tex","",1,1," 借井一用",0,"normal/item_start",0
2002649,"小水瓶",0,"",0,0,1,0,0,False,"","ui/icon/027000/027602.tex","",1,1," 为侄子带去救命之水",0,"normal/item_start",0
2002650,"用旧的镐",0,"",0,0,1,0,0,False,"","ui/icon/021000/021003.tex","任务道具",1,1," 空房子的地图",3,"normal/item_start",0
2002651,"腐朽木箱",0,"",0,0,1,0,0,False,"","ui/icon/021000/021002.tex","",1,1," 空房子的地图",0,"normal/item_start",0
2002652,"闪闪发光的矿石",0,"",0,0,1,0,0,False,"","ui/icon/021000/021210.tex","",1,1," 闪闪天上星",0,"normal/item_start",0
2002653,"酸味液体",0,"",0,0,1,0,0,False,"","ui/icon/020000/020645.tex","",1,1," 家畜变野兽",1,"normal/item_start",0
2002654,"使魔仙子猪",0,"",0,0,1,0,0,False,"","ui/icon/026000/026110.tex","",1,1," 四溢的醇厚香气",0,"normal/item_start",0
2002655,"特制煎鸡油菌",0,"",0,0,1,0,0,False,"","ui/icon/024000/024105.tex","任务道具",1,1," 盯着蘑菇的家伙",3,"normal/item_start",0
2002656,"普卡精的血",0,"",0,0,1,0,0,False,"","ui/icon/022000/022601.tex","",1,1," 栽培普拉恩尼",0,"normal/item_start",0
2002657,"温蒂尼的核心",0,"",0,0,1,0,0,False,"","ui/icon/020000/020008.tex","",1,1," 栽培普拉恩尼",0,"normal/item_start",0
2002658,"赛米德的丝",0,"",0,0,1,0,0,False,"","ui/icon/021000/021664.tex","",1,1," 栽培普拉恩尼",0,"normal/item_start",0
2002659,"苔菇的腿",0,"",0,0,1,0,0,False,"","ui/icon/022000/022259.tex","",1,1," 学魔法要趁早",0,"normal/item_start",0
2002660,"独脚金的刺",0,"",0,0,1,0,0,False,"","ui/icon/022000/022301.tex","",1,1," 学魔法要趁早",0,"normal/item_start",0
2002661,"大麻袋",0,"",0,0,1,0,0,False,"","ui/icon/021000/021610.tex","任务道具",1,1," 公平的交易？",1,"normal/item_start",0
2002662,"装有石莲猬的麻袋",0,"",0,0,1,0,0,False,"","ui/icon/026000/026110.tex","",1,1," 公平的交易？",0,"normal/item_start",0
2002663,"绿飘龙革制的宝物地图",0,"",0,0,1,0,0,False,"","ui/icon/026000/026151.tex","任务道具",1,2,,0,"normal/item_start",0
2002664,"缠尾蛟革制的宝物地图",0,"",0,0,1,0,0,False,"","ui/icon/026000/026151.tex","任务道具",1,2,,0,"normal/item_start",0
2002665,"4级传送魔纹的地图",0,"",0,0,1,0,0,False,"","ui/icon/026000/026151.tex","任务道具",1,2,,0,"normal/item_start",0
2002666,"",0,"",0,0,1,0,0,False,"","ui/icon/026000/026107.tex","",1,1,,0,"normal/item_start",0
2002667,"有毒的树液",0,"",0,0,1,0,0,False,"","ui/icon/027000/027607.tex","",1,1," 父亲留下的配方",0,"normal/item_start",0
2002668,"蛇蜥蜴筋腱",0,"",0,0,1,0,0,False,"","ui/icon/021000/021005.tex","任务道具",1,1,"空洞里传来的声音",0,"normal/item_start",0
2002669,"折断的钓竿",0,"",0,0,1,0,0,False,"","ui/icon/038000/038201.tex","",1,1," 岸边的遗物",0,"normal/item_start",0
2002670,"褪色的首饰",0,"",0,0,1,0,0,False,"","ui/icon/054000/054831.tex","",1,1," 岸边的遗物",0,"normal/item_start",0
2002671,"锈蚀的戒指",0,"",0,0,1,0,0,False,"","ui/icon/054000/054401.tex","",1,1," 岸边的遗物",0,"normal/item_start",0
2002672,"大个硬壳贝",0,"",0,0,1,0,0,False,"","ui/icon/029000/029031.tex","",1,1," 致命招待",0,"normal/item_start",0
2002673,"秘银小刀",0,"",0,0,1,0,0,False,"","ui/icon/030000/030362.tex","任务道具",1,1,"他们的都城",3,"normal/item_start",0
2002674,"奇坦那复制画",0,"",0,0,1,0,0,False,"","ui/icon/026000/026572.tex","",1,1,"他们的都城",0,"normal/item_start",0
2002675,"盖雷诺尔特的落地灯",0,"",0,0,1,0,0,False,"","ui/icon/026000/026577.tex","",1,1,"点灯之地",0,"normal/item_start",0
2002676,"议事堂参观申请书",0,"",0,0,1,0,0,False,"","ui/icon/026000/026178.tex","",1,1,"那个人的结局",0,"normal/item_start",0
2002677,"议事堂参观许可证",0,"",0,0,1,0,0,False,"","ui/icon/026000/026176.tex","",1,1,"那个人的结局",0,"normal/item_start",0
2002678,"捕获草绳",0,"",0,0,1,0,0,False,"","ui/icon/026000/026103.tex","任务道具",1,1," 肉食欲望",1,"normal/item_start",0
2002679,"大麻袋",0,"",0,0,1,0,0,False,"","ui/icon/021000/021610.tex","",1,1," 肉食欲望",0,"normal/item_start",0
2002680,"装有角雉的麻袋",0,"",0,0,1,0,0,False,"","ui/icon/026000/026110.tex","",1,1," 肉食欲望",0,"normal/item_start",0
2002681,"珂露西亚鼠尾草",0,"",0,0,1,0,0,False,"","ui/icon/025000/025009.tex","",2,1," 祛味清香",0,"normal/item_start",0
2002682,"珂露西亚鼠尾草香包",0,"",0,0,1,0,0,False,"","ui/icon/026000/026110.tex","任务道具",1,1," 祛味清香",1,"normal/item_start",0
2002683,"铜制小刀",0,"",0,0,1,0,0,False,"","ui/icon/035000/035751.tex","任务道具",1,1," 力争上游",3,"normal/item_start",0
2002684,"干燥树皮",0,"",0,0,1,0,0,False,"","ui/icon/022000/022634.tex","",3,1," 力争上游",0,"normal/item_start",0
2002685,"茶色药丸",0,"",0,0,1,0,0,False,"","ui/icon/022000/022623.tex","",1,1," 力争上游",0,"normal/item_start",0
2002686,"金黄大麦",0,"",0,0,1,0,0,False,"","ui/icon/025000/025357.tex","",3,1," 金黄麦酒",0,"normal/item_start",0
2002687,"工匠麦酒",0,"",0,0,1,0,0,False,"","ui/icon/025000/025057.tex","",1,1," 金黄麦酒",0,"normal/item_start",0
2002688,"绯红粉末",0,"",0,0,1,0,0,False,"","ui/icon/022000/022636.tex","任务道具",6,1," 拆船的造船工",1,"normal/item_start",0
2002689,"鲜艳的花",0,"",0,0,1,0,0,False,"","ui/icon/025000/025561.tex","",3,1," 悼念的花朵",0,"normal/item_start",0
2002690,"青石炭",0,"",0,0,1,0,0,False,"","ui/icon/021000/021462.tex","任务道具",1,1," 小弟的心得！",3,"normal/item_start",0
2002691,"古旧的袋子",0,"",0,0,1,0,0,False,"","ui/icon/026000/026110.tex","",1,1," 代价如何计算",0,"normal/item_start",0
2002692,"磷矿石",0,"",0,0,1,0,0,False,"","ui/icon/021000/021453.tex","",1,1," 拯救工匠村！",0,"normal/item_start",0
2002693,"诱饵食物",0,"",0,0,1,0,0,False,"","ui/icon/026000/026110.tex","任务道具",1,1," 驱赶大哥布林！",3,"normal/item_start",0
2002694,"散落的食材",0,"",0,0,1,0,0,False,"","ui/icon/025000/025356.tex","",3,1," 小小麻烦鬼",0,"normal/item_start",0
2002695,"弃置的木材",0,"",0,0,1,0,0,False,"","ui/icon/022000/022408.tex","",4,1," 高地的木材筹备",0,"normal/item_start",0
2002696,"谢罪的信",0,"",0,0,1,0,0,False,"","ui/icon/026000/026171.tex","",1,1," 为过去的错误道歉",0,"normal/item_start",0
2002697,"壁崖飞鸢的羽毛",0,"",0,0,1,0,0,False,"","ui/icon/021000/021954.tex","",3,1," 屠兽之枪",0,"normal/item_start",0
2002698,"爆岩怪的岩块",0,"",0,0,1,0,0,False,"","ui/icon/021000/021231.tex","",3,1," 坚固的友谊",0,"normal/item_start",0
2002699,"给柴莫田梅的信",0,"",0,0,1,0,0,False,"","ui/icon/025000/025918.tex","",1,1,"寻找阿尔菲诺",0,"normal/item_start",0
2002700,"劳动民登记申请书",0,"",0,0,1,0,0,False,"","ui/icon/026000/026176.tex","",1,1,"最后的享乐城市",0,"normal/item_start",0
2002701,"沃茨的锤子",0,"",0,0,1,0,0,False,"","ui/icon/035000/035133.tex","",1,1," 矮人族的不良青年",0,"normal/item_start",0
2002702,"可疑的咒具",0,"",0,0,1,0,0,False,"","ui/icon/027000/027616.tex","",1,1," 化身大人的启示",0,"normal/item_start",0
2002703,"净化作战计划书",0,"",0,0,1,0,0,False,"","ui/icon/026000/026193.tex","",1,1," 为了守护清净的森林",0,"normal/item_start",0
2002704,"蠕动的虫子",0,"",0,0,1,0,0,False,"","ui/icon/027000/027004.tex","",1,1," 可爱不忍下口",0,"normal/item_start",0
2002705,"大麻袋",0,"",0,0,1,0,0,False,"","ui/icon/021000/021610.tex","",1,1," 可爱不忍下口",0,"normal/item_start",0
2002706,"装有壁崖鼹鼠的麻袋",0,"",0,0,1,0,0,False,"","ui/icon/026000/026110.tex","",1,1," 可爱不忍下口",0,"normal/item_start",0
2002707,"优质的煤炭",0,"",0,0,1,0,0,False,"","ui/icon/021000/021462.tex","任务道具",1,1," 失败品的核心",1,"normal/item_start",0
2002708,"自走人偶的核心",0,"",0,0,1,0,0,False,"","ui/icon/021000/021469.tex","",1,1," 失败品的核心",0,"normal/item_start",0
2002709,"特制炸弹",0,"",0,0,1,0,0,False,"","ui/icon/026000/026015.tex","",1,1," 爆破至上！",3,"normal/item_start",3
2002710,"耀眼的矿石",0,"",0,0,1,0,0,False,"","ui/icon/021000/021202.tex","",3,1," 爆破至上！",0,"normal/item_start",0
2002711,"光滑小石子",0,"",0,0,1,0,0,False,"","ui/icon/021000/021451.tex","",3,1," 成年矮人也有孩子的烦恼",0,"normal/item_start",0
2002712,"捕获铁丝",0,"",0,0,1,0,0,False,"","ui/icon/020000/020901.tex","任务道具",2,1," 捉住钻石小偷",1,"normal/item_start",0
2002713,"被捕获的敲石虫",0,"",0,0,1,0,0,False,"","ui/icon/026000/026110.tex","",2,1," 捉住钻石小偷",0,"normal/item_start",0
2002716,"蜥蜴肉",0,"",0,0,1,0,0,False,"","ui/icon/025000/025157.tex","",1,1," 家畜变野兽",0,"normal/item_start",0
2002717,"卡萨德的笔记",0,"",0,0,1,0,0,False,"","ui/icon/026000/026151.tex","",1,1,"大概可以吃",0,"normal/item_start",0
2002718,"鬣蜥的生肉",0,"",0,0,1,0,0,False,"","ui/icon/025000/025152.tex","任务道具",1,1,"傲慢与食罪灵",3,"normal/item_start",0
2002719,"粘稠的树液",0,"",0,0,1,0,0,False,"","ui/icon/022000/022642.tex","",3,1," 想要别人称赞我",0,"normal/item_start",0
2002720,"鲜艳的花",0,"",0,0,1,0,0,False,"","ui/icon/025000/025558.tex","",3,1," 让大家一起高兴吧！",0,"normal/item_start",0
2002721,"肮脏的信封",0,"",0,0,1,0,0,False,"","ui/icon/026000/026192.tex","",1,1," 生死攸关的订单？",0,"normal/item_start",0
2002722,"废片的核心",0,"",0,0,1,0,0,False,"","ui/icon/021000/021453.tex","",1,1," 生死攸关的订单？",0,"normal/item_start",0
2002723,"水晶都麦酒",0,"",0,0,1,0,0,False,"","ui/icon/026000/026514.tex","",1,1," 生死攸关的订单？",0,"normal/item_start",0
2002724,"山人提灯",0,"",0,0,1,0,0,False,"","ui/icon/051000/051333.tex","",1,1," 矿石抵债",1,"normal/item_start",0
2002725,"暗光原石",0,"",0,0,1,0,0,False,"","ui/icon/021000/021452.tex","",1,1," 矿石抵债",0,"normal/item_start",0
2002726,"生锈的硬币",0,"",0,0,1,0,0,False,"","ui/icon/025000/025919.tex","",1,1," 寻找！拾荒者",0,"normal/item_start",0
2002727,"隆索风格的餐具",0,"",0,0,1,0,0,False,"","ui/icon/026000/026548.tex","",1,1," 寻找！拾荒者",0,"normal/item_start",0
2002728,"古旧的柜子",0,"",0,0,1,0,0,False,"","ui/icon/021000/021003.tex","",1,1," 寻找！拾荒者",0,"normal/item_start",0
2002729,"薄刃小刀",0,"",0,0,1,0,0,False,"","ui/icon/035000/035754.tex","任务道具",1,1," 治愈！拾荒者",3,"normal/item_start",0
2002730,"岩石蚯蚓",0,"",0,0,1,0,0,False,"","ui/icon/027000/027016.tex","",2,1," 治愈！拾荒者",0,"normal/item_start",0
2002731,"带条纹的石头",0,"",0,0,1,0,0,False,"","ui/icon/021000/021327.tex","",1,1," 带条纹的石头",0,"normal/item_start",0
2002732,"挖出的遗物箱",0,"",0,0,1,0,0,False,"","ui/icon/025000/025916.tex","",1,1," 暗号遗言",0,"normal/item_start",0
2002733,"猫眼石护身符",0,"",0,0,1,0,0,False,"","ui/icon/026000/026112.tex","",1,1," 矿工的珍贵护身符",0,"normal/item_start",0
2002734,"灯油",0,"",0,0,1,0,0,False,"","ui/icon/022000/022636.tex","任务道具",4,1," 坑道加油工",3,"normal/item_start",0
2002735,"有年代感的烟斗",0,"",0,0,1,0,0,False,"","ui/icon/026000/026038.tex","",1,1," 归还烟斗",0,"normal/item_start",0
2002736,"无瑕塔罗斯外壳素材",0,"",0,0,1,0,0,False,"","ui/icon/026000/026108.tex","",1,1," 为了再次启动",0,"normal/item_start",0
2002737,"伤痕累累的塔罗斯外壳素材",0,"",0,0,1,0,0,False,"","ui/icon/026000/026108.tex","",2,1," 为了再次启动",0,"normal/item_start",0
2002738,"代达罗斯公司的工具",0,"",0,0,1,0,0,False,"","ui/icon/035000/035315.tex","任务道具",1,1," 为了再次启动",3,"normal/item_start",0
2002739,"铁喙魔鸟的羽毛",0,"",0,0,1,0,0,False,"","ui/icon/021000/021903.tex","",1,1," 仇，要报",0,"normal/item_start",0
2002740,"仙人掌的货款",0,"",0,0,1,0,0,False,"","ui/icon/025000/025919.tex","",1,1," 特效药",0,"normal/item_start",0
2002741,"毛虫仙人掌的块茎",0,"",0,0,1,0,0,False,"","ui/icon/025000/025978.tex","",1,1," 特效药",0,"normal/item_start",0
2002742,"棘刺鼹鼠的油脂",0,"",0,0,1,0,0,False,"","ui/icon/022000/022609.tex","",1,1," 风车与鼹鼠",0,"normal/item_start",0
2002743,"轴承润滑油",0,"",0,0,1,0,0,False,"","ui/icon/027000/027605.tex","任务道具",1,1," 风车与鼹鼠",5,"normal/item_start",0
2002744,"蓝鹿胫肉",0,"",0,0,1,0,0,False,"","ui/icon/025000/025153.tex","",3,1," 双眼注视的前方",0,"normal/item_start",0
2002745,"天然松茸",0,"",0,0,1,0,0,False,"","ui/icon/025000/025405.tex","",3,1," 双眼注视的前方",0,"normal/item_start",0
2002746,"触手鮟的肝",0,"",0,0,1,0,0,False,"","ui/icon/029000/029002.tex","",1,1," 为了潮池的母王",0,"normal/item_start",0
2002747,"红贝壳",0,"",0,0,1,0,0,False,"","ui/icon/022000/022254.tex","",1,1," 潮池的危机",0,"normal/item_start",0
2002748,"海风花的卷须",0,"",0,0,1,0,0,False,"","ui/icon/021000/021662.tex","",3,1," 潮池的未来",0,"normal/item_start",0
2002749,"特制助产绳",0,"",0,0,1,0,0,False,"","ui/icon/021000/021672.tex","",1,1," 潮池的未来",0,"normal/item_start",0
2002750,"古旧的袋子",0,"",0,0,1,0,0,False,"","ui/icon/026000/026110.tex","",1,1," 代价如何计算",0,"normal/item_start",0
2002751,"仙子油灯",0,"",0,0,1,0,0,False,"","ui/icon/022000/022618.tex","",1,1," 索要仙子油灯",0,"normal/item_start",0
2002752,"山羊角首饰",0,"",0,0,1,0,0,False,"","ui/icon/054000/054969.tex","",1,1," 父亲留下的首饰",0,"normal/item_start",0
2002753,"市场的礼物",0,"",0,0,1,0,0,False,"","ui/icon/023000/023001.tex","",1,1," 礼轻情意重",0,"normal/item_start",0
2002754,"果树园的礼物",0,"",0,0,1,0,0,False,"","ui/icon/023000/023001.tex","",1,1," 礼轻情意重",0,"normal/item_start",0
2002755,"大地资源部的礼物",0,"",0,0,1,0,0,False,"","ui/icon/023000/023001.tex","",1,1," 礼轻情意重",0,"normal/item_start",0
2002756,"夜色药水",0,"",0,0,1,0,0,False,"","ui/icon/020000/020685.tex","",2,1," 水晶公的侍者们？",0,"normal/item_start",1
2002757,"臭臭弹",0,"",0,0,1,0,0,False,"","ui/icon/026000/026015.tex","",3,1," 命运的相遇",3,"normal/item_start",4
2002758,"慰问三明治",0,"",0,0,1,0,0,False,"","ui/icon/024000/024009.tex","",1,1," 来自暗之战士的鼓励",0,"normal/item_start",0
2002759,"影椒",0,"",0,0,1,0,0,False,"","ui/icon/025000/025007.tex","任务道具",99,1,,0,"normal/item_start",0
2002760,"优质影椒",0,"",0,0,1,0,0,False,"","ui/icon/021000/021458.tex","任务道具",99,1,,0,"normal/item_start",0
2002761,"珂露西亚鼠尾草",0,"",0,0,1,0,0,False,"","ui/icon/025000/025579.tex","任务道具",99,1,,0,"normal/item_start",0
2002762,"珂露西亚废材",0,"",0,0,1,0,0,False,"","ui/icon/022000/022457.tex","任务道具",99,1,,0,"normal/item_start",0
2002763,"珂露西亚优质废材",0,"",0,0,1,0,0,False,"","ui/icon/022000/022464.tex","任务道具",99,1,,0,"normal/item_start",0
2002764,"棉雪树的树液",0,"",0,0,1,0,0,False,"","ui/icon/022000/022637.tex","任务道具",99,1,,0,"normal/item_start",0
2002765,"优质棉雪树的树液",0,"",0,0,1,0,0,False,"","ui/icon/022000/022636.tex","任务道具",99,1,,0,"normal/item_start",0
2002766,"沉没的木材",0,"",0,0,1,0,0,False,"","ui/icon/022000/022402.tex","任务道具",99,1,,0,"normal/item_start",0
2002767,"仙子种子",0,"",0,0,1,0,0,False,"","ui/icon/027000/027459.tex","任务道具",99,1,,0,"normal/item_start",0
2002768,"洛克瓦之泪",0,"",0,0,1,0,0,False,"","ui/icon/025000/025002.tex","任务道具",99,1,,0,"normal/item_start",0
2002769,"优质洛克瓦之泪",0,"",0,0,1,0,0,False,"","ui/icon/025000/025578.tex","任务道具",99,1,,0,"normal/item_start",0
2002770,"隆卡芦荟",0,"",0,0,1,0,0,False,"","ui/icon/022000/022652.tex","任务道具",99,1,,0,"normal/item_start",0
2002771,"睡梦藻",0,"",0,0,1,0,0,False,"","ui/icon/025000/025225.tex","任务道具",99,1,,0,"normal/item_start",0
2002772,"优质睡梦藻",0,"",0,0,1,0,0,False,"","ui/icon/025000/025217.tex","任务道具",99,1,,0,"normal/item_start",0
2002773,"安穆·艾兰的干枯木材",0,"",0,0,1,0,0,False,"","ui/icon/022000/022414.tex","任务道具",99,1,,0,"normal/item_start",0
2002774,"油菜籽",0,"",0,0,1,0,0,False,"","ui/icon/027000/027451.tex","任务道具",99,1,,0,"normal/item_start",0
2002775,"鼹灵之尾",0,"",0,0,1,0,0,False,"","ui/icon/025000/025031.tex","任务道具",99,1,,0,"normal/item_start",0
2002776,"优质鼹灵之尾",0,"",0,0,1,0,0,False,"","ui/icon/025000/025028.tex","任务道具",99,1,,0,"normal/item_start",0
2002777,"雷克兰德橡木原木",0,"",0,0,1,0,0,False,"","ui/icon/022000/022401.tex","任务道具",99,1,,0,"normal/item_start",0
2002778,"优质的雷克兰德橡木原木",0,"",0,0,1,0,0,False,"","ui/icon/022000/022409.tex","任务道具",99,1,,0,"normal/item_start",0
2002779,"菁灵香草",0,"",0,0,1,0,0,False,"","ui/icon/025000/025224.tex","任务道具",99,1,,0,"normal/item_start",0
2002780,"湖藻",0,"",0,0,1,0,0,False,"","ui/icon/025000/025225.tex","任务道具",99,1,,0,"normal/item_start",0
2002781,"湖藻嫩芽",0,"",0,0,1,0,0,False,"","ui/icon/025000/025217.tex","任务道具",99,1,,0,"normal/item_start",0
2002782,"绿磷铝石原石",0,"",0,0,1,0,0,False,"","ui/icon/021000/021224.tex","任务道具",99,1,,0,"normal/item_start",0
2002783,"大颗绿磷铝石原石",0,"",0,0,1,0,0,False,"","ui/icon/021000/021228.tex","任务道具",99,1,,0,"normal/item_start",0
2002784,"珂露西亚废石",0,"",0,0,1,0,0,False,"","ui/icon/021000/021455.tex","任务道具",99,1,,0,"normal/item_start",0
2002785,"珂露西亚铁矿",0,"",0,0,1,0,0,False,"","ui/icon/021000/021202.tex","任务道具",99,1,,0,"normal/item_start",0
2002786,"珂露西亚优质铁矿",0,"",0,0,1,0,0,False,"","ui/icon/021000/021205.tex","任务道具",99,1,,0,"normal/item_start",0
2002787,"孚布特石材",0,"",0,0,1,0,0,False,"","ui/icon/021000/021251.tex","任务道具",99,1,,0,"normal/item_start",0
2002788,"孚布特优质石材",0,"",0,0,1,0,0,False,"","ui/icon/021000/021470.tex","任务道具",99,1,,0,"normal/item_start",0
2002789,"粉色蓝宝石原石",0,"",0,0,1,0,0,False,"","ui/icon/021000/021225.tex","任务道具",99,1,,0,"normal/item_start",0
2002790,"伊尔美格结晶片",0,"",0,0,1,0,0,False,"","ui/icon/021000/021291.tex","任务道具",99,1,,0,"normal/item_start",0
2002791,"污染的砂砾",0,"",0,0,1,0,0,False,"","ui/icon/021000/021456.tex","任务道具",99,1,,0,"normal/item_start",0
2002792,"严重污染的砂砾",0,"",0,0,1,0,0,False,"","ui/icon/021000/021461.tex","任务道具",99,1,,0,"normal/item_start",0
2002793,"拉凯提卡翡翠原石",0,"",0,0,1,0,0,False,"","ui/icon/021000/021252.tex","任务道具",99,1,,0,"normal/item_start",0
2002794,"水蛇石",0,"",0,0,1,0,0,False,"","ui/icon/021000/021217.tex","任务道具",99,1,,0,"normal/item_start",0
2002795,"优质的水蛇石",0,"",0,0,1,0,0,False,"","ui/icon/021000/021223.tex","任务道具",99,1,,0,"normal/item_start",0
2002796,"净化石",0,"",0,0,1,0,0,False,"","ui/icon/021000/021201.tex","任务道具",99,1,,0,"normal/item_start",0
2002797,"拿巴示矿石原石",0,"",0,0,1,0,0,False,"","ui/icon/021000/021208.tex","任务道具",99,1,,0,"normal/item_start",0
2002798,"塔罗斯元件",0,"",0,0,1,0,0,False,"","ui/icon/020000/020912.tex","任务道具",99,1,,0,"normal/item_start",0
2002799,"优质塔罗斯元件",0,"",0,0,1,0,0,False,"","ui/icon/020000/020915.tex","任务道具",99,1,,0,"normal/item_start",0
2002800,"雷克兰德建材",0,"",0,0,1,0,0,False,"","ui/icon/021000/021453.tex","任务道具",99,1,,0,"normal/item_start",0
2002801,"雷克兰德无瑕建材",0,"",0,0,1,0,0,False,"","ui/icon/021000/021454.tex","任务道具",99,1,,0,"normal/item_start",0
2002802,"堇云石原石",0,"",0,0,1,0,0,False,"","ui/icon/021000/021207.tex","任务道具",99,1,,0,"normal/item_start",0
2002803,"湖之碎晶",0,"",0,0,1,0,0,False,"","ui/icon/020000/020026.tex","任务道具",99,1,,0,"normal/item_start",0
2002804,"湖之水晶",0,"",0,0,1,0,0,False,"","ui/icon/020000/020022.tex","任务道具",99,1,,0,"normal/item_start",0
2002805,"熔岩草花瓣",0,"",0,0,1,0,0,False,"","ui/icon/026000/026110.tex","",4,1," 矮人麦酒酿酒体验！",0,"normal/item_start",0
2002806,"鬣蜥的尾巴",0,"",0,0,1,0,0,False,"","ui/icon/025000/025038.tex","",2,1," 矮人麦酒的下酒菜",0,"normal/item_start",0
2002807,"矮人麦酒的酒桶",0,"",0,0,1,0,0,False,"","ui/icon/026000/026547.tex","",1,1," 矮人麦酒的下酒菜",0,"normal/item_start",0
2002808,"登山手杖",0,"",0,0,1,0,0,False,"","ui/icon/032000/032609.tex","",1,1," 阴沉的男人",0,"normal/item_start",0
2002809,"调查记录专用笔记",0,"",0,0,1,0,0,False,"","ui/icon/026000/026002.tex","",1,1," 阴沉的男人",0,"normal/item_start",0
2002810,"装有样本的小袋子",0,"",0,0,1,0,0,False,"","ui/icon/026000/026110.tex","",1,1," 阴沉的男人",0,"normal/item_start",0
2002811,"生锈的锁链",0,"",0,0,1,0,0,False,"","ui/icon/020000/020921.tex","",1,1," 在监狱挑战胆量",0,"normal/item_start",0
2002812,"刻有文字的石片",0,"",0,0,1,0,0,False,"","ui/icon/026000/026201.tex","",1,1," 在监狱挑战胆量",0,"normal/item_start",0
2002813,"小钥匙",0,"",0,0,1,0,0,False,"","ui/icon/025000/025904.tex","",1,1," 在监狱挑战胆量",0,"normal/item_start",0
2002814,"卫兵团的订单",0,"",0,0,1,0,0,False,"","ui/icon/025000/025918.tex","",3,1," 感谢之心在满满干货中",0,"normal/item_start",0
2002815,"阴沉乡的干货",0,"",0,0,1,0,0,False,"","ui/icon/024000/024315.tex","",1,1," 感谢之心在满满干货中",0,"normal/item_start",0
2002816,"腌制瓶",0,"",0,0,1,0,0,False,"","ui/icon/027000/027608.tex","",1,1," 肉乎乎的交易品",0,"normal/item_start",0
2002817,"装满蚯蚓的袋子",0,"",0,0,1,0,0,False,"","ui/icon/026000/026110.tex","",1,1," 肉乎乎的交易品",0,"normal/item_start",0
2002818,"埋起来的木箱",0,"",0,0,1,0,0,False,"","ui/icon/021000/021003.tex","",1,1," 孩子们的寻宝行动",0,"normal/item_start",0
2002819,"金黄花蜜",0,"",0,0,1,0,0,False,"","ui/icon/022000/022642.tex","",99,1,,0,"normal/item_start",0
2002820,"毒壶碎片",0,"",0,0,1,0,0,False,"","ui/icon/025000/025975.tex","",99,1,,0,"normal/item_start",0
2002821,"隆卡的遗物",0,"",0,0,1,0,0,False,"","ui/icon/021000/021205.tex","",99,1,,0,"normal/item_start",0
2002822,"塔里丘魔鸟之羽",0,"",0,0,1,0,0,False,"","ui/icon/021000/021902.tex","",99,1,,0,"normal/item_start",0
2002823,"红血珊瑚",0,"",0,0,1,0,0,False,"","ui/icon/022000/022207.tex","",99,1,,0,"normal/item_start",0
2002824,"黑风海珍珠",0,"",0,0,1,0,0,False,"","ui/icon/021000/021287.tex","",99,1,,0,"normal/item_start",0
2002825,"补给物资木箱",0,"",0,0,1,0,0,False,"","ui/icon/021000/021003.tex","",1,1," 给严命城的物资",0,"normal/item_start",0
2002826,"风花的种子",0,"",0,0,1,0,0,False,"","ui/icon/025000/025302.tex","",3,1," 风花的种子",0,"normal/item_start",0
2002827,"慰问麦酒",0,"",0,0,1,0,0,False,"","ui/icon/020000/020601.tex","",4,1," 夜晚的印象",0,"normal/item_start",0
2002828,"卫兵团的武器",0,"",0,0,1,0,0,False,"","ui/icon/030000/030436.tex","",1,1," 被夺走的卫兵团武器",0,"normal/item_start",0
2002829,"特产热葡萄酒",0,"",0,0,1,0,0,False,"","ui/icon/053000/053039.tex","",2,1," 清融街逍遥自在？",0,"normal/item_start",0
2002830,"卫兵团的皮袋",0,"",0,0,1,0,0,False,"","ui/icon/026000/026110.tex","",1,1," 胃中寻物",0,"normal/item_start",0
2002831,"修补泥浆",0,"",0,0,1,0,0,False,"","ui/icon/021000/021003.tex","任务道具",4,1," 粉刷严命城",3,"normal/item_start",0
2002832,"卫兵团的治疗道具",0,"",0,0,1,0,0,False,"","ui/icon/026000/026110.tex","任务道具",1,1," 阿马罗与失踪的卫兵",3,"normal/item_start",0
2002833,"补给物资订单",0,"",0,0,1,0,0,False,"","ui/icon/026000/026183.tex","",1,1," 给瞭望塔的命令",0,"normal/item_start",0
2002834,"珂露西亚香橙",0,"",0,0,1,0,0,False,"","ui/icon/025000/025312.tex","",1,1," 鳍人族与人类的饮食差异",0,"normal/item_start",0
2002835,"新鲜的水产品",0,"",0,0,1,0,0,False,"","ui/icon/029000/029034.tex","",1,1," 鳍人族的坚持",0,"normal/item_start",0
2002836,"腐坏蟹肉",0,"",0,0,1,0,0,False,"","ui/icon/026000/026110.tex","任务道具",1,1," 渊斯的智慧",3,"normal/item_start",0
2002837,"鳍人族闪光弹",0,"",0,0,1,0,0,False,"","ui/icon/021000/021266.tex","",1,1," 渊斯的智慧",1,"normal/item_start",0
2002838,"双向海龙的硬鳞",0,"",0,0,1,0,0,False,"","ui/icon/022000/022262.tex","",1,1," 渊斯的智慧",0,"normal/item_start",0
2002839,"有价值的沉没物",0,"",0,0,1,0,0,False,"","ui/icon/026000/026316.tex","",4,1," 与人类邂逅",0,"normal/item_start",0
2002840,"隆卡的石板",0,"",0,0,1,0,0,False,"","ui/icon/026000/026201.tex","",1,1," 隆卡的守护者们",0,"normal/item_start",0
2002841,"风花的尸体",0,"",0,0,1,0,0,False,"","ui/icon/026000/026111.tex","",1,1,,0,"normal/item_start",0
2002842,"被遗留下来的纸屑",0,"",0,0,1,0,0,False,"","ui/icon/026000/026110.tex","",1,1,"新生庆典与充满谜团的信",0,"normal/item_start",0
2002843,"被遗留下来的钓竿",0,"",0,0,1,0,0,False,"","ui/icon/025000/025919.tex","",1,1,"新生庆典与充满谜团的信",0,"normal/item_start",0
2002844,"被遗留下来的瓶子",0,"",0,0,1,0,0,False,"","ui/icon/025000/025930.tex","",1,1,"新生庆典与充满谜团的信",0,"normal/item_start",0
2002845,"小漂流瓶",0,"",0,0,1,0,0,False,"","ui/icon/025000/025930.tex","",1,1,"新生庆典与漂流瓶",0,"normal/item_start",0
2002846,"摹写过的黏土板",0,"",0,0,1,0,0,False,"","ui/icon/026000/026201.tex","",4,1,"晨星的引导",0,"normal/item_start",0
2002847,"充满谜团的信",0,"",0,0,1,0,0,False,"","ui/icon/026000/026151.tex","",1,1,"新生庆典与充满谜团的信",0,"normal/item_start",0
2002848,"转交的包裹",0,"",0,0,1,0,0,False,"","ui/icon/023000/023001.tex","",1,1," 慰劳乔布要塞",0,"normal/item_start",0
2002849,"慰问品菜肴",0,"",0,0,1,0,0,False,"","ui/icon/024000/024009.tex","",4,1," 慰劳乔布要塞",0,"normal/item_start",0
2002850,"朴素角笛",0,"",0,0,1,0,0,False,"","ui/icon/026000/026039.tex","",1,1," 迷路的阿马罗",0,"normal/item_start",0
2002851,"三尖树的树液",0,"",0,0,1,0,0,False,"","ui/icon/025000/025005.tex","",1,1," 英雄参与了新兵训练",0,"normal/item_start",0
2002852,"砍伐的木材",0,"",0,0,1,0,0,False,"","ui/icon/022000/022453.tex","",99,1,,0,"normal/item_start",0
2002853,"格鲁格棱晶",0,"",0,0,1,0,0,False,"","ui/icon/021000/021212.tex","",99,1,,0,"normal/item_start",0
2002854,"牧童之杖",0,"",0,0,1,0,0,False,"","ui/icon/032000/032609.tex","",1,1," 水滩村的明天",0,"normal/item_start",0
2002855,"仙子的宝物",0,"",0,0,1,0,0,False,"","ui/icon/025000/025569.tex","",2,1," 新的名人？",0,"normal/item_start",0
2002856,"风花的尸体",0,"",0,0,1,0,0,False,"","ui/icon/026000/026110.tex","",1,1," 年轻的导师与有毒的风花",0,"normal/item_start",0
2002857,"小渔叉",0,"",0,0,1,0,0,False,"","ui/icon/030000/030391.tex","",1,1," 水下寻物",0,"normal/item_start",0
2002858,"赛米德的腿",0,"",0,0,1,0,0,False,"","ui/icon/022000/022260.tex","",2,1," 可怕的委托",0,"normal/item_start",0
2002859,"崭新的木箱",0,"",0,0,1,0,0,False,"","ui/icon/052000/052546.tex","",1,1," 箭头指示的地点",0,"normal/item_start",0
2002860,"有年头的笔记",0,"",0,0,1,0,0,False,"","ui/icon/026000/026161.tex","",1,1," 遗失之物与乡愁",0,"normal/item_start",0
2002861,"美丽箭束",0,"",0,0,1,0,0,False,"","ui/icon/027000/027212.tex","",4,1," 身为同盟者",0,"normal/item_start",0
2002862,"柔软毛毯",0,"",0,0,1,0,0,False,"","ui/icon/023000/023253.tex","",1,1," 新的一员",0,"normal/item_start",0
2002863,"清澈的水",0,"",0,0,1,0,0,False,"","ui/icon/020000/020681.tex","",1,1," 新的一员",0,"normal/item_start",0
2002864,"雕刻耳饰",0,"",0,0,1,0,0,False,"","ui/icon/055000/055395.tex","",1,1," 添上花朵",0,"normal/item_start",0
2002865,"隆卡百合铃",0,"",0,0,1,0,0,False,"","ui/icon/025000/025580.tex","",1,1," 添上花朵",0,"normal/item_start",0
2002866,"雕刻戒指",0,"",0,0,1,0,0,False,"","ui/icon/054000/054483.tex","",1,1," 添上花朵",0,"normal/item_start",0
2002867,"金黄花蜜",0,"",0,0,1,0,0,False,"","ui/icon/026000/026110.tex","",1,1," 可怕的委托",0,"normal/item_start",0
2002868,"轻飘飘鳞粉",0,"",0,0,1,0,0,False,"","ui/icon/025000/025011.tex","任务道具",3,1," 魔法书籍",3,"normal/item_start",0
2002869,"新鲜的黑线鳕",0,"",0,0,1,0,0,False,"","ui/icon/029000/029012.tex","",3,1,"垂钓高手与红莲节",0,"normal/item_start",0
2002870,"装有蘑菇的小包",0,"",0,0,1,0,0,False,"","ui/icon/023000/023001.tex","",1,1," 奇怪的水妖族",0,"normal/item_start",0
2002871,"神秘炼金药",0,"",0,0,1,0,0,False,"","ui/icon/020000/020669.tex","",1,1," 奇怪的水妖族",0,"normal/item_start",0
2002872,"孚布特香草",0,"",0,0,1,0,0,False,"","ui/icon/025000/025030.tex","",4,1," 渴望交易",0,"normal/item_start",0
2002873,"高贵的蓝花",0,"",0,0,1,0,0,False,"","ui/icon/027000/027458.tex","",1,1," 哀悼主人",0,"normal/item_start",0
2002874,"纯洁的黄花",0,"",0,0,1,0,0,False,"","ui/icon/027000/027458.tex","",1,1," 哀悼主人",0,"normal/item_start",0
2002875,"可爱的粉花",0,"",0,0,1,0,0,False,"","ui/icon/027000/027458.tex","",1,1," 哀悼主人",0,"normal/item_start",0
2002876,"绿飘龙的尾巴",0,"",0,0,1,0,0,False,"","ui/icon/027000/027001.tex","",1,1," 宿于尾巴的回忆",0,"normal/item_start",0
2002877,"恩莫手织毛毯",0,"",0,0,1,0,0,False,"","ui/icon/021000/021615.tex","",1,1," 仙子也是多种多样",0,"normal/item_start",0
2002878,"兔尾的绒毛",0,"",0,0,1,0,0,False,"","ui/icon/021000/021654.tex","",1,1," 献给新生儿",0,"normal/item_start",0
2002879,"幼体龙鸟的羽毛",0,"",0,0,1,0,0,False,"","ui/icon/021000/021908.tex","",1,1," 献给新生儿",0,"normal/item_start",0
2002880,"普卡精的毛皮",0,"",0,0,1,0,0,False,"","ui/icon/021000/021616.tex","",1,1," 献给新生儿",0,"normal/item_start",0
2002881,"银色徽章",0,"",0,0,1,0,0,False,"","ui/icon/054000/054974.tex","",1,1," 主人赠与的奖章",0,"normal/item_start",0
2002882,"蛋的碎片",0,"",0,0,1,0,0,False,"","ui/icon/025000/025252.tex","",4,1," 孵化胜地",0,"normal/item_start",0
2002883,"手工制作的软膏",0,"",0,0,1,0,0,False,"","ui/icon/020000/020702.tex","任务道具",1,1," 飞兽的悲鸣",3,"normal/item_start",0
2002884,"结实的皮袋",0,"",0,0,1,0,0,False,"","ui/icon/026000/026110.tex","任务道具",1,1," 与同盟者一起狩猎",1,"normal/item_start",0
2002885,"装有秧鸡的皮袋",0,"",0,0,1,0,0,False,"","ui/icon/026000/026110.tex","",1,1," 与同盟者一起狩猎",0,"normal/item_start",0
2002886,"孚布特样式的小箱子",0,"",0,0,1,0,0,False,"","ui/icon/021000/021003.tex","",1,1," 身镜湖中阴谋永眠",0,"normal/item_start",0
2002887,"射手战装",0,"",0,0,1,0,0,False,"","ui/icon/023000/023001.tex","",3,1," 与露宿地的交流",0,"normal/item_start",0
2002888,"法诺之证",0,"",0,0,1,0,0,False,"","ui/icon/025000/025023.tex","",3,1," 村里的挑战者们",0,"normal/item_start",0
2002889,"手工制作的煎饼",0,"",0,0,1,0,0,False,"","ui/icon/024000/024006.tex","",1,1," 怜惜片刻的时光",0,"normal/item_start",0
2002890,"贴花的信",0,"",0,0,1,0,0,False,"","ui/icon/026000/026171.tex","",1,1," 怜惜片刻的时光",0,"normal/item_start",0
2002891,"镇尼的核心",0,"",0,0,1,0,0,False,"","ui/icon/021000/021293.tex","",1,1," 古老的祈愿仪式",0,"normal/item_start",0
2002892,"洛克瓦之泪的种子",0,"",0,0,1,0,0,False,"","ui/icon/025000/025354.tex","",1,1," 古老的祈愿仪式",0,"normal/item_start",0
2002893,"隆卡的命石",0,"",0,0,1,0,0,False,"","ui/icon/021000/021292.tex","",1,1," 守护像的续命方法",0,"normal/item_start",0
2002894,"诺姆的核心",0,"",0,0,1,0,0,False,"","ui/icon/021000/021292.tex","",2,1," 矮人式的敬意",0,"normal/item_start",0
2002895,"矮人石酒",0,"",0,0,1,0,0,False,"","ui/icon/025000/025057.tex","任务道具",4,1," 矮人式的敬意",3,"normal/item_start",0
2002896,"暗号笔记",0,"",0,0,1,0,0,False,"","ui/icon/026000/026151.tex","",1,1," 暗号遗言",0,"normal/item_start",0
2002897,"状态良好的木材",0,"",0,0,1,0,0,False,"","ui/icon/022000/022454.tex","",2,1," 在大矿山寻物",0,"normal/item_start",0
2002898,"旅者的行李",0,"",0,0,1,0,0,False,"","ui/icon/026000/026553.tex","",1,1," 遗迹寻光",0,"normal/item_start",0
2002899,"悼念之花",0,"",0,0,1,0,0,False,"","ui/icon/026000/026024.tex","任务道具",1,1," 为友人献花",1,"normal/item_start",0
2002900,"自走人偶的核心",0,"",0,0,1,0,0,False,"","ui/icon/021000/021002.tex","",1,1,"古姆拉村的传闻",0,"normal/item_start",0
2002901,"坑道油灯",0,"",0,0,1,0,0,False,"","ui/icon/051000/051333.tex","",1,1,"古姆拉村的传闻",0,"normal/item_start",0
2002902,"中漂流瓶",0,"",0,0,1,0,0,False,"","ui/icon/025000/025930.tex","",1,1,"新生庆典与漂流瓶",0,"normal/item_start",0
2002903,"大漂流瓶",0,"",0,0,1,0,0,False,"","ui/icon/025000/025930.tex","",1,1,"新生庆典与漂流瓶",0,"normal/item_start",0
2002904,"拜克·拉各的秘药",0,"",0,0,1,0,0,False,"","ui/icon/020000/020702.tex","任务道具",3,1,"拜克·拉各的见解",3,"normal/item_start",0
2002905,"优质黏土",0,"",0,0,1,0,0,False,"","ui/icon/026000/026110.tex","",3,1,"治愈灵魂",0,"normal/item_start",0
2002906,"镶着宝石的手镯",0,"",0,0,1,0,0,False,"","ui/icon/055000/055756.tex","",1,1,"古姆拉村的事件",0,"normal/item_start",0
2002907,"坏掉的机械部件",0,"",0,0,1,0,0,False,"","ui/icon/026000/026596.tex","",1,1,"阿诺古的积极调查",0,"normal/item_start",0
2002908,"肮脏的机械部件",0,"",0,0,1,0,0,False,"","ui/icon/026000/026597.tex","",1,1,"阿诺古的积极调查",0,"normal/item_start",0
2002909,"生锈的机械部件",0,"",0,0,1,0,0,False,"","ui/icon/026000/026598.tex","",1,1,"阿诺古的积极调查",0,"normal/item_start",0
2002910,"坏掉的机械部件",0,"",0,0,1,0,0,False,"","ui/icon/026000/026596.tex","",1,1,"科诺古的慎重调查",0,"normal/item_start",0
2002911,"肮脏的机械部件",0,"",0,0,1,0,0,False,"","ui/icon/026000/026597.tex","",1,1,"科诺古的慎重调查",0,"normal/item_start",0
2002912,"生锈的机械部件",0,"",0,0,1,0,0,False,"","ui/icon/026000/026598.tex","",1,1,"科诺古的慎重调查",0,"normal/item_start",0
2002917,"话题“关于担心产业衰退”",0,"",0,0,1,0,0,False,"","ui/icon/026000/026572.tex","",1,1,"寻找采·努兹",0,"normal/item_start",0
2002918,"话题“关于担心维持治安”",0,"",0,0,1,0,0,False,"","ui/icon/026000/026572.tex","",1,1,"寻找采·努兹",0,"normal/item_start",0
2002919,"话题“关于担心生活状况”",0,"",0,0,1,0,0,False,"","ui/icon/026000/026572.tex","",1,1,"寻找采·努兹",0,"normal/item_start",0
2002920,"软绵绵的羊毛团",0,"",0,0,1,0,0,False,"","ui/icon/021000/021655.tex","",3,1," 软绵绵羊毛道",0,"normal/item_start",0
2002921,"迷你篮筐",0,"",0,0,1,0,0,False,"","ui/icon/026000/026110.tex","",1,1," 与花篮嬉戏",0,"normal/item_start",0
2002922,"美丽昆虫的翅膀",0,"",0,0,1,0,0,False,"","ui/icon/021000/021951.tex","",1,1," 赠人玫瑰，手有余香",0,"normal/item_start",0
2002923,"漂亮的花束",0,"",0,0,1,0,0,False,"","ui/icon/025000/025509.tex","",1,1," 赠人玫瑰，手有余香",0,"normal/item_start",0
2002924,"圆滑的小石头",0,"",0,0,1,0,0,False,"","ui/icon/022000/022624.tex","",1,1," 赠人玫瑰，手有余香",0,"normal/item_start",0
2002925,"草人的枝叶",0,"",0,0,1,0,0,False,"","ui/icon/025000/025010.tex","",2,1," 伊尔美格的园丁",0,"normal/item_start",0
2002926,"石莲猬的尾巴",0,"",0,0,1,0,0,False,"","ui/icon/026000/026110.tex","",1,1," 其尾如蜜",0,"normal/item_start",0
2002927,"沉没都市的遗留品",0,"",0,0,1,0,0,False,"","ui/icon/025000/025998.tex","",1,1," 于沉没遗迹寻宝",0,"normal/item_start",0
2002928,"独脚金的巨大花瓣",0,"",0,0,1,0,0,False,"","ui/icon/022000/022251.tex","",1,1," 危险的植物",0,"normal/item_start",0
2002929,"损坏的辅助机",0,"",0,0,1,0,0,False,"","ui/icon/059000/059764.tex","",1,1,"阿诺古的积极调查",0,"normal/item_start",0
2002930,"损坏的辅助机",0,"",0,0,1,0,0,False,"","ui/icon/059000/059764.tex","",1,1,"科诺古的慎重调查",0,"normal/item_start",0
2002931,"轻飘小草",0,"",0,0,1,0,0,False,"","ui/icon/027000/027453.tex","",2,1," 软绵绵绒毛",0,"normal/item_start",0
2002932,"苔菇的伞帽",0,"",0,0,1,0,0,False,"","ui/icon/025000/025406.tex","",1,1," 不祥的苔菇",0,"normal/item_start",0
2002933,"宽翼飘龙的翼膜",0,"",0,0,1,0,0,False,"","ui/icon/022000/022004.tex","",1,1," 乘上翼之船",0,"normal/item_start",0
2002934,"青青的牧草",0,"",0,0,1,0,0,False,"","ui/icon/025000/025035.tex","",2,1," 安登的牧草",0,"normal/item_start",0
2002935,"亮晶晶的陶器碎片",0,"",0,0,1,0,0,False,"","ui/icon/021000/021265.tex","",1,1," 意想不到的东西",0,"normal/item_start",0
2002936,"滑溜溜的小树枝",0,"",0,0,1,0,0,False,"","ui/icon/022000/022416.tex","",1,1," 意想不到的东西",0,"normal/item_start",0
2002937,"闪闪发亮的树木果实",0,"",0,0,1,0,0,False,"","ui/icon/025000/025308.tex","",1,1," 意想不到的东西",0,"normal/item_start",0
2002938,"亮闪闪的小石头",0,"",0,0,1,0,0,False,"","ui/icon/021000/021472.tex","",1,1," 想要成为有钱人！",0,"normal/item_start",0
2002939,"捕鱼的陷阱",0,"",0,0,1,0,0,False,"","ui/icon/022000/022261.tex","",1,1," 游动的彩虹",0,"normal/item_start",0
2002940,"温蒂尼的核心",0,"",0,0,1,0,0,False,"","ui/icon/020000/020008.tex","",1,1," 打水仗",0,"normal/item_start",0
2002941,"仰慕花侯爵的花",0,"",0,0,1,0,0,False,"","ui/icon/025000/025542.tex","",3,1," 妖灵乡的侯爵",0,"normal/item_start",0
2002942,"新鲜的风花卷须",0,"",0,0,1,0,0,False,"","ui/icon/021000/021662.tex","",1,1," 美味白蚯蚓",0,"normal/item_start",0
2002943,"心动药",0,"",0,0,1,0,0,False,"","ui/icon/022000/022654.tex","任务道具",1,1," 终极愿望",3,"normal/item_start",0
2002944,"恩莫族的情书",0,"",0,0,1,0,0,False,"","ui/icon/025000/025918.tex","",1,1," 终极愿望",0,"normal/item_start",0
2002945,"仙子手织的袋子",0,"",0,0,1,0,0,False,"","ui/icon/026000/026110.tex","任务道具",2,1," 这就是普卡精",3,"normal/item_start",0
2002946,"有活力的普卡精",0,"",0,0,1,0,0,False,"","ui/icon/026000/026110.tex","",2,1," 这就是普卡精",0,"normal/item_start",0
2002947,"普拉恩尼培养菌",0,"",0,0,1,0,0,False,"","ui/icon/027000/027459.tex","",1,1," 梦中秘密基地",0,"normal/item_start",0
2002948,"赛米德结实的丝",0,"",0,0,1,0,0,False,"","ui/icon/021000/021664.tex","",1,1," 秋千摇曳",0,"normal/item_start",0
2002954,"热红酒",0,"",0,0,1,0,0,False,"","ui/icon/025000/025057.tex","",1,1,"仰望天穹之街",0,"normal/item_start",0
2002955,"降神糕袋",0,"",0,0,1,0,0,False,"","ui/icon/022000/022640.tex","",1,1,"壮牛发糕降神节",0,"normal/item_start",0
2002956,"重建用的物资",0,"",0,0,1,0,0,False,"","ui/icon/022000/022405.tex","",99,1,,0,"normal/item_start",0
2002957,"重建用的物资",0,"",0,0,1,0,0,False,"","ui/icon/022000/022405.tex","",99,1,,0,"normal/item_start",0
2002958,"重建用的物资",0,"",0,0,1,0,0,False,"","ui/icon/022000/022405.tex","",99,1,,0,"normal/item_start",0
2002959,"重建用的物资",0,"",0,0,1,0,0,False,"","ui/icon/022000/022405.tex","",99,1,,0,"normal/item_start",0
2002960,"重建用的物资",0,"",0,0,1,0,0,False,"","ui/icon/022000/022405.tex","",99,1,,0,"normal/item_start",0
2002961,"重建用的物资",0,"",0,0,1,0,0,False,"","ui/icon/022000/022405.tex","",99,1,,0,"normal/item_start",0
2002962,"加工过的建筑资材",0,"",0,0,1,0,0,False,"","ui/icon/022000/022457.tex","",99,1,,0,"normal/item_start",0
2002963,"加工过的建筑资材",0,"",0,0,1,0,0,False,"","ui/icon/022000/022457.tex","",99,1,,0,"normal/item_start",0
2002964,"加工过的建筑资材",0,"",0,0,1,0,0,False,"","ui/icon/022000/022457.tex","",99,1,,0,"normal/item_start",0
2002965,"加工过的建筑资材",0,"",0,0,1,0,0,False,"","ui/icon/022000/022457.tex","",99,1,,0,"normal/item_start",0
2002966,"加工过的建筑资材",0,"",0,0,1,0,0,False,"","ui/icon/022000/022457.tex","",99,1,,0,"normal/item_start",0
2002967,"加工过的燃料",0,"",0,0,1,0,0,False,"","ui/icon/052000/052113.tex","",99,1,,0,"normal/item_start",0
2002968,"沉没都市的遗留品",0,"",0,0,1,0,0,False,"","ui/icon/025000/025998.tex","",1,1," 于沉没遗迹寻宝",0,"normal/item_start",0
2002969,"沉没都市的遗留品",0,"",0,0,1,0,0,False,"","ui/icon/025000/025998.tex","",1,1," 于沉没遗迹寻宝",0,"normal/item_start",0
2002970,"用旧的扫帚",0,"",0,0,1,0,0,False,"","ui/icon/059000/059471.tex","",1,1,"一位老朋友",0,"normal/item_start",0
2002971,"装肝的大袋子",0,"",0,0,1,0,0,False,"","ui/icon/026000/026110.tex","",1,1,"鳎沙派的野心",0,"normal/item_start",0
2002972,"敲石虫的魔结晶",0,"",0,0,1,0,0,False,"","ui/icon/020000/020818.tex","",1,1,"阿诺古急进的计划",0,"normal/item_start",0
2002973,"签订好的合同",0,"",0,0,1,0,0,False,"","ui/icon/026000/026176.tex","",1,1,"与海都的贸易交涉",0,"normal/item_start",0
2002974,"玫瑰花纹的信",0,"",0,0,1,0,0,False,"","ui/icon/026000/026176.tex","",3,1,"为大家带去温暖的家",0,"normal/item_start",0
2002976,"废弃的木柴",0,"",0,0,1,0,0,False,"","ui/icon/052000/052113.tex","",1,1,"罗兰莓田的大孩子们",0,"normal/item_start",0
2002977,"奇塔利族的液肥",0,"",0,0,1,0,0,False,"","ui/icon/020000/020661.tex","任务道具",2,1," 蔬菜的力量！",3,"normal/item_start",0
2002978,"翡翠装饰品",0,"",0,0,1,0,0,False,"","ui/icon/021000/021295.tex","",3,1," 翡翠的光辉是友好的证明",0,"normal/item_start",0
2002979,"陈旧的隆卡风格箱子",0,"",0,0,1,0,0,False,"","ui/icon/021000/021002.tex","",1,1," 拉凯提卡宝物鉴定队",0,"normal/item_start",0
2002980,"大麻袋",0,"",0,0,1,0,0,False,"","ui/icon/021000/021610.tex","任务道具",1,1," 想吃鸡蛋！",3,"normal/item_start",0
2002981,"装有鸡的麻袋",0,"",0,0,1,0,0,False,"","ui/icon/025000/025919.tex","",1,1," 想吃鸡蛋！",0,"normal/item_start",0
2002982,"采掘队用鸡蛋",0,"",0,0,1,0,0,False,"","ui/icon/025000/025252.tex","",1,1," 想吃鸡蛋！",0,"normal/item_start",0
2002983,"瓦砾碎片",0,"",0,0,1,0,0,False,"","ui/icon/020000/020406.tex","",99,1,,0,"normal/item_start",0
2002984,"修补物资",0,"",0,0,1,0,0,False,"","ui/icon/021000/021464.tex","",99,1,,0,"normal/item_start",0
2002986,"土木资材",0,"",0,0,1,0,0,False,"","ui/icon/022000/022616.tex","",99,1,,0,"normal/item_start",0
2002987,"建筑物资",0,"",0,0,1,0,0,False,"","ui/icon/021000/021251.tex","",99,1,,0,"normal/item_start",0
2002988,"建筑资材",0,"",0,0,1,0,0,False,"","ui/icon/021000/021470.tex","",99,1,,0,"normal/item_start",0
2002989,"蛇行枝的蔬菜",0,"",0,0,1,0,0,False,"","ui/icon/027000/027551.tex","",1,1," 蔬菜的力量！",0,"normal/item_start",0
2002990,"法诺村的药丸",0,"",0,0,1,0,0,False,"","ui/icon/025000/025919.tex","",1,1," 永远的恩惠",0,"normal/item_start",0
2002991,"受到祝福的装饰彩蛋",0,"",0,0,1,0,0,False,"","ui/icon/021000/021310.tex","",1,1,"彩蛋狩猎见友人",0,"normal/item_start",0
2002992,"沾满油的装饰彩蛋",0,"",0,0,1,0,0,False,"","ui/icon/021000/021311.tex","",1,1,"彩蛋狩猎见友人",0,"normal/item_start",0
2002993,"格外巨大的装饰彩蛋",0,"",0,0,1,0,0,False,"","ui/icon/021000/021308.tex","",1,1,"彩蛋狩猎见友人",0,"normal/item_start",0
2002994,"萨维奈灵鳞粉",0,"",0,0,1,0,0,False,"","ui/icon/022000/022650.tex","",1,1," 重现“女王之刃”",0,"normal/item_start",0
2002997,"本部迁移计划书",0,"",0,0,1,0,0,False,"","ui/icon/025000/025918.tex","",1,1,"前往丧灵钟",0,"normal/item_start",0
2002998,"遗留的手册",0,"",0,0,1,0,0,False,"","ui/icon/026000/026002.tex","",1,1,"前往石之家",0,"normal/item_start",0
2002999,"龙族用的锤子",0,"",0,0,1,0,0,False,"","ui/icon/021000/021003.tex","",1,1,"龙与人的第一步",0,"normal/item_start",0
2003000,"微型葡萄",0,"",0,0,1,0,0,False,"","ui/icon/025000/025309.tex","",3,1,"光之战士的起源",0,"normal/item_start",0
2003001,"用旧的手炉",0,"",0,0,1,0,0,False,"","ui/icon/025000/025977.tex","任务道具",3,1,"英雄志向",1,"normal/item_start",0
2003002,"吸血鬼蝙蝠的牙",0,"",0,0,1,0,0,False,"","ui/icon/022000/022303.tex","",9,1,"英雄志向",0,"normal/item_start",0
2003003,"贤人面包",0,"",0,0,1,0,0,False,"","ui/icon/024000/024037.tex","",1,1,"此方与彼方",0,"normal/item_start",0
2003004,"暗淡的水晶",0,"",0,0,1,0,0,False,"","ui/icon/020000/020019.tex","",1,1,"冒险仍将继续",0,"normal/item_start",0
2003005,"红菇",0,"",0,0,1,0,0,False,"","ui/icon/025000/025406.tex","",3,1,"林中挚友",0,"normal/item_start",0
2003006,"装有冷水的木桶",0,"",0,0,1,0,0,False,"","ui/icon/022000/022642.tex","任务道具",1,1,"巴斯卡隆的规矩",3,"normal/item_start",0
2003007,"新鲜的鸡蛋",0,"",0,0,1,0,0,False,"","ui/icon/025000/025252.tex","",1,1,"永不忘怀",0,"normal/item_start",0
2003008,"红石耳饰",0,"",0,0,1,0,0,False,"","ui/icon/055000/055216.tex","",1,1,"永不忘怀",0,"normal/item_start",0
2003009,"长须豹幼崽的胡须",0,"",0,0,1,0,0,False,"","ui/icon/025000/025919.tex","",3,1,"佳酿",0,"normal/item_start",0
2003010,"精金龟的巨蛋",0,"",0,0,1,0,0,False,"","ui/icon/025000/025251.tex","",1,1,"精金龟的巨蛋",0,"normal/item_start",0
2003011,"开胃酒订单",0,"",0,0,1,0,0,False,"","ui/icon/025000/025918.tex","",1,1,"美酒配佳肴",0,"normal/item_start",0
2003012,"细头錾子",0,"",0,0,1,0,0,False,"","ui/icon/023000/023103.tex","",1,1,"静止的时间",0,"normal/item_start",0
2003013,"小钳子",0,"",0,0,1,0,0,False,"","ui/icon/035000/035251.tex","",1,1,"静止的时间",0,"normal/item_start",0
2003014,"小皮袋",0,"",0,0,1,0,0,False,"","ui/icon/026000/026001.tex","",1,1,"静止的时间",0,"normal/item_start",0
2003015,"修好的怀表",0,"",0,0,1,0,0,False,"","ui/icon/021000/021002.tex","",1,1,"静止的时间",0,"normal/item_start",0
2003016,"奥尔什方的密封信",0,"",0,0,1,0,0,False,"","ui/icon/025000/025918.tex","",1,1,"天上飞过之物",0,"normal/item_start",0
2003017,"弗朗塞尔的密封信",0,"",0,0,1,0,0,False,"","ui/icon/025000/025918.tex","",1,1,"天上飞过之物",0,"normal/item_start",0
2003018,"冰元精核心",0,"",0,0,1,0,0,False,"","ui/icon/021000/021266.tex","",3,1,"技术进步",0,"normal/item_start",0
2003019,"赤心石",0,"",0,0,1,0,0,False,"","ui/icon/021000/021253.tex","任务道具",1,1,"最后的偏属性水晶",3,"normal/item_start",0
2003020,"偏属性水晶",0,"",0,0,1,0,0,False,"","ui/icon/020000/020649.tex","",1,1,"最后的偏属性水晶",0,"normal/item_start",0
2003021,"受损的帝国军军装",0,"",0,0,1,0,0,False,"","ui/icon/042000/042345.tex","",3,1,"另一类军装",0,"normal/item_start",0
2003022,"受损的帝国军头盔",0,"",0,0,1,0,0,False,"","ui/icon/040000/040128.tex","",3,1,"另一类军装",0,"normal/item_start",0
2003023,"修复的帝国军军装",0,"",0,0,1,0,0,False,"","ui/icon/042000/042345.tex","",3,1,"另一类军装",0,"normal/item_start",0
2003024,"修复的帝国军头盔",0,"",0,0,1,0,0,False,"","ui/icon/040000/040128.tex","",3,1,"另一类军装",0,"normal/item_start",0
2003025,"沙蚤的卵囊",0,"",0,0,1,0,0,False,"","ui/icon/022000/022623.tex","",3,1,"沙蚤的卵袋",0,"normal/item_start",0
2003026,"变色龙蛋",0,"",0,0,1,0,0,False,"","ui/icon/025000/025251.tex","",1,1,"森林面对的威胁",0,"normal/item_start",0
2003027,"矮人火酿",0,"",0,0,1,0,0,False,"","ui/icon/026000/026547.tex","",3,1," 矮人战车，全速前进！",0,"normal/item_start",0
2003028,"萝拉希雅的介绍信",0,"",0,0,1,0,0,False,"","ui/icon/025000/025918.tex","",1,1," 战车与心跳茶会？",0,"normal/item_start",0
2003029,"传统旗帜装饰",0,"",0,0,1,0,0,False,"","ui/icon/021000/021615.tex","",3,1,"古姆拉村的庆典",0,"normal/item_start",0
2003030,"特制炸弹",0,"",0,0,1,0,0,False,"","ui/icon/026000/026015.tex","",1,1," 采掘就是爆炸！",3,"normal/item_start",3
2003031,"异乡的地酒",0,"",0,0,1,0,0,False,"","ui/icon/026000/026547.tex","",1,1," 禁止偷喝",0,"normal/item_start",0
2003032,"以太观测装置",0,"",0,0,1,0,0,False,"","ui/icon/026000/026108.tex","",2,1,"莉莉娅，努力奋斗！",0,"normal/item_start",0
2003033,"停下的迷途自走人偶",0,"",0,0,1,0,0,False,"","ui/icon/059000/059751.tex","",2,1," 迷途自走人偶之森",0,"normal/item_start",0
2003034,"装着货款的皮袋",0,"",0,0,1,0,0,False,"","ui/icon/025000/025919.tex","",1,1," 禁止偷喝",0,"normal/item_start",0
2003035,"印有钟形纹样的信",0,"",0,0,1,0,0,False,"","ui/icon/026000/026182.tex","",1,1,"吹进云雾街的变革之风",0,"normal/item_start",0
2003036,"装着云海藤的袋子",0,"",0,0,1,0,0,False,"","ui/icon/025000/025979.tex","任务道具",1,1,"集结吧！风筝猫",3,"normal/item_start",0
2003037,"格雷姆林驱赶剂",0,"",0,0,1,0,0,False,"","ui/icon/025000/025979.tex","",2,1," 雷克兰德联邦的白色恶魔",0,"normal/item_start",0
2003040,"以太观测装置",0,"",0,0,1,0,0,False,"","ui/icon/026000/026108.tex","",1,1,"探觉石和观测装置",0,"normal/item_start",0
2003041,"以太观测装置",0,"",0,0,1,0,0,False,"","ui/icon/026000/026108.tex","",1,1,"第三处地脉",0,"normal/item_start",0
2003042,"宣传用的传单",0,"",0,0,1,0,0,False,"","ui/icon/026000/026188.tex","",3,1,"新生庆典与玻璃画",0,"normal/item_start",0
2003043,"新兵器部件",0,"",0,0,1,0,0,False,"","ui/icon/026000/026270.tex","",99,1,,0,"normal/item_start",0
2003044,"宣传用的传单",0,"",0,0,1,0,0,False,"","ui/icon/026000/026188.tex","",1,1,"新生庆典与昔日时光",0,"normal/item_start",0
2003046,"帝国军的补给物资",0,"",0,0,1,0,0,False,"","ui/icon/026000/026108.tex","",99,1,,0,"normal/item_start",0
2003047,"一套蓝色假面的服装",0,"",0,0,1,0,0,False,"","ui/icon/025000/025919.tex","",1,1,"挑战者蓝色假面",0,"normal/item_start",0
2003048,"好闻的花",0,"",0,0,1,0,0,False,"好闻的花","ui/icon/025000/025556.tex","",1,1,"恋人节和爱情邮递员",0,"normal/item_start",0
2003049,"发出光辉的吸魂晶",0,"",0,0,1,0,0,False,"发出光辉的吸魂晶","ui/icon/026000/026610.tex","",1,1,"通往第一世界",0,"normal/item_start",0
2003050,"小火种",0,"",0,0,1,0,0,False,"小火种","ui/icon/025000/025911.tex","任务道具",3,1,"对龙兵器的用途",1,"normal/item_start",0
2003051,"柔软的毛线",0,"",0,0,1,0,0,False,"柔软的毛线","ui/icon/021000/021656.tex","",1,1,"罗兰莓田与成双的手套",0,"normal/item_start",0
2003052,"降神糕袋",0,"",0,0,1,0,0,False,"","ui/icon/022000/022640.tex","",1,1,"猛虎发糕降神节",0,"normal/item_start",0
2003053,"错误的装饰品",0,"",0,0,1,0,0,False,"错误的装饰品","ui/icon/025000/025919.tex","",3,1,"星芒节不开始？",0,"normal/item_start",0
2003054,"永久冰晶",0,"",0,0,1,0,0,False,"永久冰晶","ui/icon/020000/020015.tex","任务道具",3,1,"星芒节和谁一起过？",3,"normal/item_start",0
2003055,"星芒节花环",0,"",0,0,1,0,0,False,"星芒节花环","ui/icon/026000/026108.tex","",1,1,"星芒节还差什么？",0,"normal/item_start",0
2003056,"高压雷之碎晶",0,"",0,0,1,0,0,False,"高压雷之碎晶","ui/icon/020000/020017.tex","",1,1,"亚拉戈文明研究者",0,"normal/item_start",0
2003057,"加隆德炼铁厂的交易票据",0,"",0,0,1,0,0,False,"加隆德炼铁厂的交易票据","ui/icon/026000/026179.tex","",1,1,"诺亚的成员们",0,"normal/item_start",0
2003058,"小袋子",0,"",0,0,1,0,0,False,"小袋子","ui/icon/025000/025919.tex","",1,1,"街角逸事",0,"normal/item_start",0
2003059,"妮美雅百合",0,"",0,0,1,0,0,False,"妮美雅百合","ui/icon/022000/022627.tex","",2,1,"街角逸事",0,"normal/item_start",0
2003061,"充满回忆的怀表",0,"",0,0,1,0,0,False,"","ui/icon/026000/026108.tex","",1,1,"村民们的想法",0,"normal/item_start",0
2003062,"机械生物的残骸",0,"",0,0,1,0,0,False,"","ui/icon/052000/052546.tex","",2,1,"悲观的村民与未知的技术",0,"normal/item_start",0
2003064,"未知语言的书籍",0,"",0,0,1,0,0,False,"","ui/icon/026000/026159.tex","",1,1,"口齿伶俐的村民的生意计划",0,"normal/item_start",0
2003065,"未知的机械零件",0,"",0,0,1,0,0,False,"","ui/icon/052000/052546.tex","",1,1,"口齿伶俐的村民的生意计划",0,"normal/item_start",0
2003066,"古代博兹雅铁具",0,"",0,0,1,0,0,False,"","ui/icon/026000/026108.tex","",1,1,"是金子总会发光",0,"normal/item_start",0
2003068,"沉重的货箱",0,"",0,0,1,0,0,False,"","ui/icon/052000/052546.tex","",1,1,"口齿伶俐的村民的生意计划",0,"normal/item_start",0
2003069,"搜查记录手册",0,"",0,0,1,0,0,False,"","ui/icon/026000/026168.tex","",1,1,"金碟游乐场的偷窃事件",0,"normal/item_start",0
2003070,"用于研究的吸魂晶",0,"",0,0,1,0,0,False,"","ui/icon/026000/026610.tex","",1,1,"哀叹的提亚马特",0,"normal/item_start",0
2003071,"大麻袋",0,"",0,0,1,0,0,False,"","ui/icon/025000/025919.tex","任务道具",1,1,"激进的村民的发现",1,"normal/item_start",0
2003072,"装有自走人偶的麻袋",0,"",0,0,1,0,0,False,"","ui/icon/025000/025919.tex","",1,1,"激进的村民的发现",0,"normal/item_start",0
2003073,"刚产下的蛋",0,"",0,0,1,0,0,False,"","ui/icon/025000/025251.tex","",99,1,,0,"normal/item_start",0
2003074,"搜查记录手册",0,"",0,0,1,0,0,False,"","ui/icon/026000/026168.tex","",1,1,"金碟游乐场重新调查案件",0,"normal/item_start",0
2003075,"特殊宝物地图2",0,"",0,0,1,0,0,False,"","ui/icon/026000/026151.tex","任务道具",1,2,,0,"normal/item_start",0
2003076,"特殊传送魔纹地图2",0,"",0,0,1,0,0,False,"","ui/icon/026000/026151.tex","任务道具",1,2,,0,"normal/item_start",0
2003077,"引诱妖异的蜡烛",0,"",0,0,1,0,0,False,"","ui/icon/026000/026102.tex","任务道具",3,1,"搜寻脸色苍白的男子",3,"normal/item_start",0
2003078,"染血的戒指",0,"",0,0,1,0,0,False,"","ui/icon/054000/054434.tex","",1,1,"搜寻脸色苍白的男子",0,"normal/item_start",0
2003079,"妮美雅百合香囊",0,"",0,0,1,0,0,False,"","ui/icon/026000/026110.tex","",1,1,"新生庆典与镇魂花的香气",0,"normal/item_start",0
2003081,"牦牛毛",0,"",0,0,1,0,0,False,"","ui/icon/021000/021655.tex","",3,1,,0,"normal/item_start",0
2003082,"幸运玩偶",0,"",0,0,1,0,0,False,"","ui/icon/053000/053359.tex","",1,1,,0,"normal/item_start",0
2003084,"军用桶装青磷水",0,"",0,0,1,0,0,False,"","ui/icon/025000/025946.tex","",99,1,,0,"normal/item_start",0
2003087,"新型魔导部件",0,"",0,0,1,0,0,False,"","ui/icon/021000/021015.tex","",99,1,,0,"normal/item_start",0
2003088,"古代博兹雅战装",0,"",0,0,1,0,0,False,"","ui/icon/025000/025919.tex","",1,1,"真金白银永不褪色",0,"normal/item_start",0
2003089,"古代博兹雅皮甲",0,"",0,0,1,0,0,False,"","ui/icon/026000/026110.tex","",1,1,"真金白银永不褪色",0,"normal/item_start",0
2003090,"初级总会怪物通缉令",0,"",0,0,1,0,0,False,"","ui/icon/026000/026615.tex","任务道具",1,4,,0,"normal/item_start",0
2003091,"中级总会怪物通缉令",0,"",0,0,1,0,0,False,"","ui/icon/026000/026616.tex","任务道具",1,4,,0,"normal/item_start",0
2003092,"高级总会怪物通缉令",0,"",0,0,1,0,0,False,"","ui/icon/026000/026617.tex","任务道具",1,4,,0,"normal/item_start",0
2003093,"总会恶名精英通缉令",0,"",0,0,1,0,0,False,"","ui/icon/026000/026618.tex","任务道具",1,4,,0,"normal/item_start",0
2003094,"话题“万德罗被人发现的地点”",0,"",0,0,1,0,0,False,"","ui/icon/026000/026572.tex","",1,1,"决心不灭，信仰不屈",0,"normal/item_start",0
2003095,"话题“低空飞行的飞空艇”",0,"",0,0,1,0,0,False,"","ui/icon/026000/026572.tex","",1,1,"决心不灭，信仰不屈",0,"normal/item_start",0
2003096,"话题“万德罗被发现时的状态”",0,"",0,0,1,0,0,False,"","ui/icon/026000/026572.tex","",1,1,"决心不灭，信仰不屈",0,"normal/item_start",0
2003097,"贤人面包",0,"",0,0,1,0,0,False,"","ui/icon/024000/024037.tex","",1,1,"甜蜜的文化体验",0,"normal/item_start",0
2003098,"断金的信",0,"",0,0,1,0,0,False,"","ui/icon/026000/026171.tex","",1,1,"美妙的结局",0,"normal/item_start",0
2003099,"锁死病的特效药",0,"",0,0,1,0,0,False,"","ui/icon/027000/027607.tex","",1,1,"囚禁森林的死亡锁链",0,"normal/item_start",0
2003100,"长老树的树枝",0,"",0,0,1,0,0,False,"","ui/icon/022000/022416.tex","",1,1,"未来之路",0,"normal/item_start",0
2003101,"«天文台的历史»",0,"",0,0,1,0,0,False,"","ui/icon/026000/026166.tex","",1,1,"寻找蔚蓝之星",0,"normal/item_start",0
2003102,"«望远镜大全»",0,"",0,0,1,0,0,False,"","ui/icon/026000/026163.tex","",1,1,"寻找蔚蓝之星",0,"normal/item_start",0
2003103,"«观星镜必读手册»",0,"",0,0,1,0,0,False,"","ui/icon/026000/026161.tex","",1,1,"寻找蔚蓝之星",0,"normal/item_start",0
2003104,"开封的信",0,"",0,0,1,0,0,False,"","ui/icon/026000/026176.tex","",1,1,"骷髅处刑人",0,"normal/item_start",0
2003105,"灰扑扑的戒指",0,"",0,0,1,0,0,False,"","ui/icon/054000/054403.tex","",1,1,"骷髅处刑人",0,"normal/item_start",0
2003106,"追悼仪式的邀请函",0,"",0,0,1,0,0,False,"","ui/icon/025000/025918.tex","",2,1,"立场和责任",0,"normal/item_start",0
2003107,"乌尔达哈出产的炼金药",0,"",0,0,1,0,0,False,"","ui/icon/020000/020665.tex","",1,1," 吓得不敢送东西的恐怖故事",0,"normal/item_start",0
2003108,"结实的麻袋",0,"",0,0,1,0,0,False,"","ui/icon/026000/026110.tex","",1,1," 调查的代价",3,"normal/item_start",0
2003109,"装有逃命矿爬虫的麻袋",0,"",0,0,1,0,0,False,"","ui/icon/026000/026110.tex","",1,1," 调查的代价",0,"normal/item_start",0
2003110,"«伊修加德占星论»",0,"",0,0,1,0,0,False,"","ui/icon/026000/026161.tex","",1,1," 配送书籍",0,"normal/item_start",0
2003111,"«云海纪行»",0,"",0,0,1,0,0,False,"","ui/icon/026000/026163.tex","",1,1," 配送书籍",0,"normal/item_start",0
2003112,"«草海行记»",0,"",0,0,1,0,0,False,"","ui/icon/026000/026158.tex","",1,1," 配送书籍",0,"normal/item_start",0
2003113,"宝石兽玩偶",0,"",0,0,1,0,0,False,"","ui/icon/059000/059545.tex","",1,1," 逃掉的宝石兽",0,"normal/item_start",0
2003114,"手工炸弹",0,"",0,0,1,0,0,False,"","ui/icon/026000/026015.tex","任务道具",1,1," 帮助体验学习",3,"normal/item_start",0
2003115,"沾满了煤灰的信封",0,"",0,0,1,0,0,False,"","ui/icon/026000/026174.tex","",1,1," 来自落下的纸片的委托",0,"normal/item_start",0
2003116,"古风蜡烛",0,"",0,0,1,0,0,False,"","ui/icon/026000/026102.tex","",1,1," 来自落下的纸片的委托",0,"normal/item_start",0
2003117,"高雅威风的魔法人偶",0,"",0,0,1,0,0,False,"","ui/icon/059000/059520.tex","",1,1," 我可爱的公主",0,"normal/item_start",0
2003118,"倒地的腐木",0,"",0,0,1,0,0,False,"","ui/icon/022000/022408.tex","",2,1," 从倒木中汲取营养的人们",0,"normal/item_start",0
2003119,"家畜的肉",0,"",0,0,1,0,0,False,"","ui/icon/025000/025155.tex","任务道具",3,1," 为了维持生态系统",3,"normal/item_start",0
2003120,"黑棕色的泥土",0,"",0,0,1,0,0,False,"","ui/icon/025000/025919.tex","",3,1," 以农业革命为目标",0,"normal/item_start",0
2003121,"样本编号316的插画",0,"",0,0,1,0,0,False,"","ui/icon/025000/025999.tex","",1,1," 样本316号",0,"normal/item_start",0
2003122,"316号样本",0,"",0,0,1,0,0,False,"","ui/icon/025000/025919.tex","",1,1," 样本316号",0,"normal/item_start",0
2003123,"装有果实的袋子",0,"",0,0,1,0,0,False,"","ui/icon/025000/025919.tex","",1,1," 极品奶酪",0,"normal/item_start",0
2003124,"黄金奶酪",0,"",0,0,1,0,0,False,"","ui/icon/024000/024458.tex","",1,1," 极品奶酪",0,"normal/item_start",0
2003125,"实验用农作物的幼苗",0,"",0,0,1,0,0,False,"","ui/icon/025000/025979.tex","",3,1," 品种改良的世界",0,"normal/item_start",0
2003126,"话题“突如其来的大整理”",0,"",0,0,1,0,0,False,"","ui/icon/026000/026572.tex","",1,1,"谜题重重的迷津",0,"normal/item_start",0
2003127,"话题“大量物品的搬入与搬出”",0,"",0,0,1,0,0,False,"","ui/icon/026000/026572.tex","",1,1,"谜题重重的迷津",0,"normal/item_start",0
2003128,"话题“过劳的拾穗人”",0,"",0,0,1,0,0,False,"","ui/icon/026000/026572.tex","",1,1,"谜题重重的迷津",0,"normal/item_start",0
2003129,"大麻袋",0,"",0,0,1,0,0,False,"","ui/icon/025000/025919.tex","任务道具",1,1,"搬来搬去的资料",3,"normal/item_start",0
2003130,"装有斑灰鼠的麻袋",0,"",0,0,1,0,0,False,"","ui/icon/025000/025919.tex","",1,1,"搬来搬去的资料",0,"normal/item_start",0
2003131,"生产纸用的木材",0,"",0,0,1,0,0,False,"","ui/icon/022000/022401.tex","任务道具",99,1,,0,"normal/item_start",0
2003132,"生产纸用的优质木材",0,"",0,0,1,0,0,False,"","ui/icon/022000/022409.tex","任务道具",99,1,,0,"normal/item_start",0
2003133,"研究用的水芥菜",0,"",0,0,1,0,0,False,"","ui/icon/025000/025206.tex","任务道具",99,1,,0,"normal/item_start",0
2003134,"生态调查用的树枝",0,"",0,0,1,0,0,False,"","ui/icon/022000/022417.tex","任务道具",99,1,,0,"normal/item_start",0
2003135,"生态调查用的有虫的树枝",0,"",0,0,1,0,0,False,"","ui/icon/022000/022416.tex","任务道具",99,1,,0,"normal/item_start",0
2003136,"萨维奈岛的牧草",0,"",0,0,1,0,0,False,"","ui/icon/025000/025035.tex","任务道具",99,1,,0,"normal/item_start",0
2003137,"萨维奈岛的优质牧草",0,"",0,0,1,0,0,False,"","ui/icon/025000/025211.tex","任务道具",99,1,,0,"normal/item_start",0
2003138,"口感刺激的辣椒",0,"",0,0,1,0,0,False,"","ui/icon/025000/025013.tex","任务道具",99,1,,0,"normal/item_start",0
2003139,"制造燃料所需的棕榈树液",0,"",0,0,1,0,0,False,"","ui/icon/022000/022642.tex","任务道具",99,1,,0,"normal/item_start",0
2003140,"研究用的红菜",0,"",0,0,1,0,0,False,"","ui/icon/025000/025223.tex","任务道具",99,1,,0,"normal/item_start",0
2003141,"研究用的优质红菜",0,"",0,0,1,0,0,False,"","ui/icon/025000/025231.tex","任务道具",99,1,,0,"normal/item_start",0
2003142,"嫁接用的树枝",0,"",0,0,1,0,0,False,"","ui/icon/022000/022417.tex","任务道具",99,1,,0,"normal/item_start",0
2003143,"焦黑的行道树",0,"",0,0,1,0,0,False,"","ui/icon/022000/022418.tex","任务道具",99,1,,0,"normal/item_start",0
2003144,"恢复生机的行道树",0,"",0,0,1,0,0,False,"","ui/icon/025000/025004.tex","任务道具",99,1,,0,"normal/item_start",0
2003145,"奶茶用的桂皮",0,"",0,0,1,0,0,False,"","ui/icon/025000/025019.tex","任务道具",99,1,,0,"normal/item_start",0
2003146,"近东的巨大草本植物",0,"",0,0,1,0,0,False,"","ui/icon/025000/025026.tex","任务道具",99,1,,0,"normal/item_start",0
2003147,"试吃实验用的西米棕榈",0,"",0,0,1,0,0,False,"","ui/icon/022000/022652.tex","任务道具",99,1,,0,"normal/item_start",0
2003148,"试吃实验用的优质西米棕榈",0,"",0,0,1,0,0,False,"","ui/icon/022000/022674.tex","任务道具",99,1,,0,"normal/item_start",0
2003149,"迷津的纤维植物",0,"",0,0,1,0,0,False,"","ui/icon/025000/025009.tex","任务道具",99,1,,0,"normal/item_start",0
2003150,"迷津的优质纤维植物",0,"",0,0,1,0,0,False,"","ui/icon/025000/025016.tex","任务道具",99,1,,0,"normal/item_start",0
2003151,"研究转魂塔所需的原木",0,"",0,0,1,0,0,False,"","ui/icon/022000/022406.tex","任务道具",99,1,,0,"normal/item_start",0
2003152,"金黄色的树液",0,"",0,0,1,0,0,False,"","ui/icon/022000/022642.tex","任务道具",99,1,,0,"normal/item_start",0
2003153,"优质的金黄树液",0,"",0,0,1,0,0,False,"","ui/icon/022000/022643.tex","任务道具",99,1,,0,"normal/item_start",0
2003154,"鉴赏用的石头",0,"",0,0,1,0,0,False,"","ui/icon/021000/021454.tex","任务道具",99,1,,0,"normal/item_start",0
2003155,"鉴赏用的美观石头",0,"",0,0,1,0,0,False,"","ui/icon/021000/021455.tex","任务道具",99,1,,0,"normal/item_start",0
2003156,"修复用的硅石",0,"",0,0,1,0,0,False,"","ui/icon/021000/021251.tex","任务道具",99,1,,0,"normal/item_start",0
2003157,"岩盘样本",0,"",0,0,1,0,0,False,"","ui/icon/021000/021454.tex","任务道具",99,1,,0,"normal/item_start",0
2003158,"优质岩盘样本",0,"",0,0,1,0,0,False,"","ui/icon/021000/021252.tex","任务道具",99,1,,0,"normal/item_start",0
2003159,"萨维奈巨胆石",0,"",0,0,1,0,0,False,"","ui/icon/021000/021226.tex","任务道具",99,1,,0,"normal/item_start",0
2003160,"优质萨维奈巨胆石",0,"",0,0,1,0,0,False,"","ui/icon/021000/021225.tex","任务道具",99,1,,0,"normal/item_start",0
2003161,"土壤改良用的石灰石",0,"",0,0,1,0,0,False,"","ui/icon/021000/021232.tex","任务道具",99,1,,0,"normal/item_start",0
2003162,"鉴赏用的巨胆石",0,"",0,0,1,0,0,False,"","ui/icon/021000/021225.tex","任务道具",99,1,,0,"normal/item_start",0
2003163,"49式客车的外装",0,"",0,0,1,0,0,False,"","ui/icon/020000/020969.tex","任务道具",99,1,,0,"normal/item_start",0
2003164,"49式客车的优质外装",0,"",0,0,1,0,0,False,"","ui/icon/020000/020966.tex","任务道具",99,1,,0,"normal/item_start",0
2003165,"鉴赏用的北洲石",0,"",0,0,1,0,0,False,"","ui/icon/021000/021232.tex","任务道具",99,1,,0,"normal/item_start",0
2003166,"军用青磷引擎的零件",0,"",0,0,1,0,0,False,"","ui/icon/020000/020910.tex","任务道具",99,1,,0,"normal/item_start",0
2003167,"军用青磷引擎的新型零件",0,"",0,0,1,0,0,False,"","ui/icon/020000/020913.tex","任务道具",99,1,,0,"normal/item_start",0
2003168,"鉴赏用的火山岩",0,"",0,0,1,0,0,False,"","ui/icon/021000/021455.tex","任务道具",99,1,,0,"normal/item_start",0
2003169,"优质的过滤砂",0,"",0,0,1,0,0,False,"","ui/icon/021000/021006.tex","任务道具",99,1,,0,"normal/item_start",0
2003170,"土壤改良用的石粉",0,"",0,0,1,0,0,False,"","ui/icon/021000/021204.tex","任务道具",99,1,,0,"normal/item_start",0
2003171,"土壤改良用的优质石粉",0,"",0,0,1,0,0,False,"","ui/icon/021000/021219.tex","任务道具",99,1,,0,"normal/item_start",0
2003172,"鉴赏用的奇石",0,"",0,0,1,0,0,False,"","ui/icon/021000/021205.tex","任务道具",99,1,,0,"normal/item_start",0
2003173,"鉴赏用的精美奇石",0,"",0,0,1,0,0,False,"","ui/icon/021000/021203.tex","任务道具",99,1,,0,"normal/item_start",0
2003174,"研磨用的铁云母",0,"",0,0,1,0,0,False,"","ui/icon/021000/021226.tex","任务道具",99,1,,0,"normal/item_start",0
2003175,"最终调查用的样本",0,"",0,0,1,0,0,False,"","ui/icon/021000/021453.tex","任务道具",99,1,,0,"normal/item_start",0
2003176,"最终调查用的优质样本",0,"",0,0,1,0,0,False,"","ui/icon/021000/021455.tex","任务道具",99,1,,0,"normal/item_start",0
2003177,"爬满苔藓的喀恰帕龟甲壳",0,"",0,0,1,0,0,False,"","ui/icon/025000/025919.tex","",2,1," 礼物包含的意义",0,"normal/item_start",0
2003178,"鸵鸟胸肉",0,"",0,0,1,0,0,False,"","ui/icon/025000/025155.tex","",1,1," 家庭的味道——辣烤鸡肉",0,"normal/item_start",0
2003180,"特制庵摩罗果酸奶昔",0,"",0,0,1,0,0,False,"","ui/icon/024000/024454.tex","",2,1,"萨维奈的摇摆之旅",0,"normal/item_start",0
2003181,"醉醺醺的迪帕",0,"",0,0,1,0,0,False,"","ui/icon/059000/059700.tex","",1,1,"代米尔遗烈乡",0,"normal/item_start",0
2003182,"装有巨胆石的麻袋",0,"",0,0,1,0,0,False,"","ui/icon/025000/025919.tex","",1,1,"护魂灵鳞",0,"normal/item_start",0
2003183,"落海的木箱",0,"",0,0,1,0,0,False,"","ui/icon/052000/052546.tex","",2,1," 寻找不归的炼金术士",0,"normal/item_start",0
2003184,"落海的麻袋",0,"",0,0,1,0,0,False,"","ui/icon/026000/026110.tex","",3,1," 寻找不归的炼金术士",0,"normal/item_start",0
2003185,"代米尔硬化药",0,"",0,0,1,0,0,False,"","ui/icon/020000/020645.tex","",3,1," 炼金术士与石匠",0,"normal/item_start",0
2003186,"巨胆石短刀",0,"",0,0,1,0,0,False,"","ui/icon/030000/030362.tex","任务道具",1,1," 炼金术的活用方法",3,"normal/item_start",0
2003187,"大树的树皮",0,"",0,0,1,0,0,False,"","ui/icon/022000/022418.tex","",1,1," 炼金术的活用方法",0,"normal/item_start",0
2003188,"被盗的金属板",0,"",0,0,1,0,0,False,"","ui/icon/020000/020963.tex","",1,1," 遗烈乡的偷盗事件",0,"normal/item_start",0
2003189,"装钱的皮袋",0,"",0,0,1,0,0,False,"","ui/icon/025000/025919.tex","",1,1," 向辉石许愿",0,"normal/item_start",0
2003190,"装辉石的皮袋",0,"",0,0,1,0,0,False,"","ui/icon/025000/025919.tex","",1,1," 向辉石许愿",0,"normal/item_start",0
2003191,"迷路的桓娑鸟",0,"",0,0,1,0,0,False,"","ui/icon/025000/025919.tex","",1,1," 桓娑鸟大逃亡",0,"normal/item_start",0
2003193,"香甜的精油",0,"",0,0,1,0,0,False,"","ui/icon/027000/027602.tex","",1,1," 涂料与精油与肌肉",0,"normal/item_start",0
2003194,"庵摩罗果的果实",0,"",0,0,1,0,0,False,"","ui/icon/025000/025325.tex","",1,1," 涂料与精油与肌肉",0,"normal/item_start",0
2003195,"含有安眠药的肉",0,"",0,0,1,0,0,False,"","ui/icon/025000/025919.tex","任务道具",3,1," 偷懒的狩猎方式",3,"normal/item_start",0
2003196,"荞麦的果实",0,"",0,0,1,0,0,False,"","ui/icon/026000/026110.tex","",1,1," 慈父的请求",0,"normal/item_start",0
2003199,"驱赶魔物用的炼金药",0,"",0,0,1,0,0,False,"","ui/icon/027000/027608.tex","任务道具",6,1," 桓娑牧场的希望",3,"normal/item_start",0
2003200,"大个的桓娑鸟蛋",0,"",0,0,1,0,0,False,"","ui/icon/025000/025251.tex","",1,1," 桓娑牧场的希望",0,"normal/item_start",0
2003201,"军用以太药",0,"",0,0,1,0,0,False,"","ui/icon/027000/027602.tex","",3,1," 医不自医",0,"normal/item_start",0
2003202,"超硬陶瓷合金锁链",0,"",0,0,1,0,0,False,"","ui/icon/020000/020921.tex","任务道具",1,1," 有思想的机器",1,"normal/item_start",0
2003203,"捕获到的魔导机车大魔",0,"",0,0,1,0,0,False,"","ui/icon/026000/026110.tex","",1,1," 有思想的机器",0,"normal/item_start",0
2003204,"空酒瓶",0,"",0,0,1,0,0,False,"","ui/icon/025000/025057.tex","",1,1," 第三站的灯火",0,"normal/item_start",0
2003205,"尚有余香的空香水瓶",0,"",0,0,1,0,0,False,"","ui/icon/020000/020706.tex","",1,1," 第三站的灯火",0,"normal/item_start",0
2003206,"没有收件人的信",0,"",0,0,1,0,0,False,"","ui/icon/026000/026177.tex","",1,1," 没有收信人的信",0,"normal/item_start",0
2003207,"青磷水箱",0,"",0,0,1,0,0,False,"","ui/icon/025000/025946.tex","",1,1," 积跬步至千里",0,"normal/item_start",0
2003208,"麻痹的蛇毒药",0,"",0,0,1,0,0,False,"","ui/icon/022000/022603.tex","",1,1," 狂热的爱国者",3,"normal/item_start",0
2003209,"热乎乎的汤",0,"",0,0,1,0,0,False,"","ui/icon/024000/024110.tex","",3,1," 圣都的热汤",0,"normal/item_start",0
2003210,"清障用的爆破装置",0,"",0,0,1,0,0,False,"","ui/icon/025000/025907.tex","任务道具",2,1," 指名英雄的帝国兵",3,"normal/item_start",0
2003211,"加雷马伏特加",0,"",0,0,1,0,0,False,"","ui/icon/027000/027608.tex","",1,1," 驱逐粮食小偷",1,"normal/item_start",0
2003212,"阿尔马斯提的血",0,"",0,0,1,0,0,False,"","ui/icon/022000/022601.tex","",1,1," 驱逐粮食小偷",0,"normal/item_start",0
2003213,"弃置的武器",0,"",0,0,1,0,0,False,"","ui/icon/030000/030416.tex","",4,1," 回收废弃武器",0,"normal/item_start",0
2003214,"巨胆石护身符",0,"",0,0,1,0,0,False,"","ui/icon/053000/053030.tex","",1,1," 守护者之证",0,"normal/item_start",0
2003215,"捕鱼用的陷阱",0,"",0,0,1,0,0,False,"","ui/icon/027000/027002.tex","",2,1," 为村里储备食粮",0,"normal/item_start",0
2003216,"洞虎的尸体",0,"",0,0,1,0,0,False,"","ui/icon/023000/023001.tex","",1,1," 毕舍遮的硬鳞",0,"normal/item_start",0
2003217,"银色的硬质鳞片",0,"",0,0,1,0,0,False,"","ui/icon/022000/022262.tex","",1,1," 毕舍遮的硬鳞",0,"normal/item_start",0
2003218,"萨维奈月桂叶",0,"",0,0,1,0,0,False,"","ui/icon/025000/025978.tex","",1,1," 波洛伽护法村的奶茶占卜",0,"normal/item_start",0
2003219,"因地辛的根茎",0,"",0,0,1,0,0,False,"","ui/icon/025000/025919.tex","",1,1," 波洛伽护法村的奶茶占卜",0,"normal/item_start",0
2003220,"驱邪的针叶",0,"",0,0,1,0,0,False,"","ui/icon/025000/025979.tex","",1,1," 波洛伽护法村的奶茶占卜",0,"normal/item_start",0
2003222,"结实的麻袋",0,"",0,0,1,0,0,False,"","ui/icon/021000/021610.tex","任务道具",3,1," 波洛伽式毒蛇狩猎方法",3,"normal/item_start",0
2003223,"装有曲蛇的麻袋",0,"",0,0,1,0,0,False,"","ui/icon/026000/026110.tex","",3,1," 波洛伽式毒蛇狩猎方法",0,"normal/item_start",0
2003224,"曲蛇的尸体",0,"",0,0,1,0,0,False,"","ui/icon/029000/029248.tex","",1,1," 波洛伽式毒蛇狩猎方法",0,"normal/item_start",0
2003226,"护魂灵鳞",0,"",0,0,1,0,0,False,"","ui/icon/026000/026065.tex","",6,1,"伊尔萨巴德救援队",0,"normal/item_start",0
2003227,"救援队的防寒药水",0,"",0,0,1,0,0,False,"","ui/icon/020000/020675.tex","",4,1,"回去吧，回到遥远的故乡",0,"normal/item_start",0
2003228,"循环装置的青磷水箱",0,"",0,0,1,0,0,False,"","ui/icon/025000/025946.tex","",1,1,"旧日温暖已散尽",0,"normal/item_start",0
2003229,"37式炸药",0,"",0,0,1,0,0,False,"","ui/icon/026000/026015.tex","任务道具",2,1,"颤抖的手",3,"normal/item_start",0
2003230,"青磷水箱",0,"",0,0,1,0,0,False,"","ui/icon/025000/025946.tex","",1,1,"颤抖的手",0,"normal/item_start",0
2003231,"缚魔锁",0,"",0,0,1,0,0,False,"","ui/icon/020000/020923.tex","",2,1,"春天仍未到来",3,"normal/item_start",0
2003232,"以太绳",0,"",0,0,1,0,0,False,"","ui/icon/021000/021663.tex","任务道具",2,1,"抓捕彩蝶",1,"normal/item_start",0
2003233,"捕获到的彩蝶",0,"",0,0,1,0,0,False,"","ui/icon/025000/025979.tex","",2,1,"抓捕彩蝶",0,"normal/item_start",0
2003234,"聚雷魔法的理念",0,"",0,0,1,0,0,False,"","ui/icon/020000/020025.tex","",2,1,"被定义的生命",3,"normal/item_start",7
2003235,"记刻着理念的水晶",0,"",0,0,1,0,0,False,"","ui/icon/020000/020026.tex","",1,1,"旅行者的相遇",0,"normal/item_start",0
2003236,"特大胡萝卜",0,"",0,0,1,0,0,False,"","ui/icon/026000/026110.tex","",1,1,"不分喜恶",0,"normal/item_start",0
2003237,"热乎乎的奶茶",0,"",0,0,1,0,0,False,"","ui/icon/024000/024408.tex","",3,1,"微小的日常",0,"normal/item_start",0
2003240,"盖章的文件",0,"",0,0,1,0,0,False,"","ui/icon/026000/026151.tex","",1,1,"焦急然后……",0,"normal/item_start",0
2003241,"神秘的箱子",0,"",0,0,1,0,0,False,"","ui/icon/026000/026108.tex","",1,1," 沉眠于众僧林园之物",0,"normal/item_start",0
2003242,"神秘的钥匙",0,"",0,0,1,0,0,False,"","ui/icon/025000/025904.tex","",1,1," 沉眠于众僧林园之物",0,"normal/item_start",0
2003243,"神秘的草书",0,"",0,0,1,0,0,False,"","ui/icon/026000/026151.tex","",1,1," 沉眠于众僧林园之物",0,"normal/item_start",1
2003244,"紧急恢复药",0,"",0,0,1,0,0,False,"","ui/icon/020000/020601.tex","任务道具",1,1," 你为了我，我为了你",1,"normal/item_start",0
2003245,"赛加羚羊革制的宝物地图",0,"",0,0,1,0,0,False,"","ui/icon/026000/026151.tex","任务道具",1,2,,0,"normal/item_start",0
2003246,"金毗罗鳄革制的宝物地图",0,"",0,0,1,0,0,False,"","ui/icon/026000/026151.tex","任务道具",1,2,,0,"normal/item_start",0
2003247,"5级传送魔纹的地图",0,"",0,0,1,0,0,False,"","ui/icon/026000/026151.tex","任务道具",1,2,,0,"normal/item_start",0
2003248,"人趣神的雕像",0,"",0,0,1,0,0,False,"","ui/icon/025000/025919.tex","",1,1," 星战士团的巡逻",0,"normal/item_start",0
2003249,"特制饼干",0,"",0,0,1,0,0,False,"","ui/icon/024000/024067.tex","",1,1,"守护天节与危险的变装游行",0,"normal/item_start",0
2003250,"变异凶鹰蛋",0,"",0,0,1,0,0,False,"","ui/icon/025000/025252.tex","",1,1," 变异凶鹰的繁殖适应性",0,"normal/item_start",0
2003253,"破幻魔法的理念",0,"",0,0,1,0,0,False,"","ui/icon/020000/020001.tex","任务道具",1,1," 哪个才是艾伊德斯？",3,"normal/item_start",0
2003254,"艾伊德斯的碎片",0,"",0,0,1,0,0,False,"","ui/icon/059000/059451.tex","",1,1," 哪个才是艾伊德斯？",0,"normal/item_start",0
2003255,"遗光的核心",0,"",0,0,1,0,0,False,"","ui/icon/021000/021263.tex","",2,1," 寻求肉体",0,"normal/item_start",0
2003257,"龙星的红花",0,"",0,0,1,0,0,False,"","ui/icon/025000/025633.tex","",1,1," 宝石般的繁星",0,"normal/item_start",0
2003258,"龙星的白花",0,"",0,0,1,0,0,False,"","ui/icon/025000/025634.tex","",1,1," 宝石般的繁星",0,"normal/item_start",0
2003259,"被抢的观察记录",0,"",0,0,1,0,0,False,"","ui/icon/026000/026151.tex","",99,1,,0,"normal/item_start",0
2003260,"熟睡的奥瑞亚斯",0,"",0,0,1,0,0,False,"","ui/icon/059000/059424.tex","",3,1," 喜欢矿石的黑家伙",0,"normal/item_start",0
2003261,"方形通用系统",0,"",0,0,1,0,0,False,"","ui/icon/026000/026108.tex","",1,1," 警惕亚拉戈零元购陷阱",0,"normal/item_start",0
2003262,"成熟的果实",0,"",0,0,1,0,0,False,"","ui/icon/025000/025318.tex","",1,1," 森林贤者",0,"normal/item_start",0
2003263,"对草木纲弱化试剂",0,"",0,0,1,0,0,False,"","ui/icon/020000/020645.tex","",1,1," 针对草木纲的试剂实验",1,"normal/item_start",0
2003264,"吃剩下的强壮胡萝卜",0,"",0,0,1,0,0,False,"","ui/icon/025000/025977.tex","",1,1," 有罪！处以咔嚓咔嚓山之刑！",0,"normal/item_start",0
2003265,"修普诺斯的灵药",0,"",0,0,1,0,0,False,"","ui/icon/020000/020645.tex","任务道具",3,1," 喜欢矿石的黑家伙",1,"normal/item_start",0
2003267,"干燥灵药",0,"",0,0,1,0,0,False,"","ui/icon/027000/027607.tex","任务道具",1,1," 菭小妖不老实",3,"normal/item_start",0
2003268,"长尺寸的以太绳",0,"",0,0,1,0,0,False,"","ui/icon/020000/020905.tex","",1,1," 菭小妖不老实",3,"normal/item_start",0
2003269,"被束缚的菭小妖",0,"",0,0,1,0,0,False,"","ui/icon/059000/059566.tex","",1,1," 菭小妖不老实",0,"normal/item_start",0
2003270,"魔法人偶收纳箱",0,"",0,0,1,0,0,False,"","ui/icon/021000/021003.tex","",1,1," 箱子里的人偶",3,"normal/item_start",0
2003271,"装有魔法人偶的收纳箱",0,"",0,0,1,0,0,False,"","ui/icon/021000/021003.tex","",1,1," 箱子里的人偶",0,"normal/item_start",0
2003272,"青磷引擎零件",0,"",0,0,1,0,0,False,"","ui/icon/025000/025946.tex","",99,1,,0,"normal/item_start",0
2003273,"小型等级检测仪",0,"",0,0,1,0,0,False,"","ui/icon/053000/053266.tex","",1,1," 战斗有助于进化",3,"normal/item_start",0
2003274,"记录完毕的小型等级检测仪",0,"",0,0,1,0,0,False,"","ui/icon/053000/053266.tex","",1,1," 战斗有助于进化",0,"normal/item_start",0
2003276,"自制的皮钱包",0,"",0,0,1,0,0,False,"","ui/icon/026000/026001.tex","",1,1," 肚子饿到走不动",0,"normal/item_start",0
2003277,"装蛋的皮袋",0,"",0,0,1,0,0,False,"","ui/icon/025000/025356.tex","",1,1," 肚子饿到走不动",0,"normal/item_start",0
2003278,"小个头桓娑鸟用的饲料袋",0,"",0,0,1,0,0,False,"","ui/icon/025000/025977.tex","",1,1," 临时兼职！桓娑鸟饲育员",0,"normal/item_start",0
2003279,"大个头桓娑鸟用的饲料袋",0,"",0,0,1,0,0,False,"","ui/icon/026000/026110.tex","",1,1," 临时兼职！桓娑鸟饲育员",0,"normal/item_start",0
2003281,"圣线手链",0,"",0,0,1,0,0,False,"","ui/icon/021000/021677.tex","",1,1," 圣线手链接续的生命",0,"normal/item_start",0
2003285,"给炼金术制药堂的信",0,"",0,0,1,0,0,False,"","ui/icon/026000/026177.tex","",1,1," 艾欧泽亚来的信件",0,"normal/item_start",0
2003286,"给巴里克家的信",0,"",0,0,1,0,0,False,"","ui/icon/026000/026177.tex","",1,1," 艾欧泽亚来的信件",0,"normal/item_start",0
2003287,"慕斯怪的黏液",0,"",0,0,1,0,0,False,"","ui/icon/022000/022637.tex","",99,1,,0,"normal/item_start",0
2003288,"休眠草的粉末",0,"",0,0,1,0,0,False,"","ui/icon/025000/025991.tex","",5,1," 回收禁书的所思大书院",1,"normal/item_start",4
2003289,"回收的书籍",0,"",0,0,1,0,0,False,"","ui/icon/026000/026002.tex","",5,1," 回收禁书的所思大书院",0,"normal/item_start",0
2003290,"合金模具",0,"",0,0,1,0,0,False,"","ui/icon/020000/020960.tex","",1,1," 思念到不行的布丁",0,"normal/item_start",0
2003291,"«德莱蒙的甜点百科全书»",0,"",0,0,1,0,0,False,"","ui/icon/026000/026002.tex","",1,1," 思念到不行的布丁",0,"normal/item_start",0
2003292,"新鲜的亚考牛奶",0,"",0,0,1,0,0,False,"","ui/icon/024000/024453.tex","",1,1," 思念到不行的布丁",0,"normal/item_start",0
2003293,"没有署名的信",0,"",0,0,1,0,0,False,"","ui/icon/026000/026151.tex","",1,1," 秘密就在木箱中",0,"normal/item_start",1
2003294,"木箱的钥匙",0,"",0,0,1,0,0,False,"","ui/icon/025000/025902.tex","",3,1," 秘密就在木箱中",0,"normal/item_start",0
2003297,"妮美雅百合球茎",0,"",0,0,1,0,0,False,"","ui/icon/027000/027459.tex","任务道具",2,1," 莱韦耶勒尔家的慈善事业",3,"normal/item_start",0
2003298,"背水咖啡厅式三明治",0,"",0,0,1,0,0,False,"","ui/icon/024000/024009.tex","",2,1," 三明治和卷饼",0,"normal/item_start",0
2003299,"天测园式鲜果汁",0,"",0,0,1,0,0,False,"","ui/icon/024000/024409.tex","",1,1," 天测园的饮食",0,"normal/item_start",1
2003300,"苏摩草",0,"",0,0,1,0,0,False,"","ui/icon/025000/025039.tex","",1,1," 采集苏摩草之人",0,"normal/item_start",0
2003301,"附有装饰的宝珠",0,"",0,0,1,0,0,False,"","ui/icon/020000/020267.tex","",1,1," 耶赞的建议",0,"normal/item_start",0
2003302,"阿切斯特拉图之花",0,"",0,0,1,0,0,False,"","ui/icon/025000/025580.tex","",3,1," 天测园的饮食",0,"normal/item_start",0
2003304,"黄金生命药",0,"",0,0,1,0,0,False,"","ui/icon/020000/020673.tex","任务道具",1,1," 访客和让人费心的野兽",3,"normal/item_start",0
2003305,"苏摩的碎片",0,"",0,0,1,0,0,False,"","ui/icon/020000/020037.tex","",99,1,,0,"normal/item_start",0
2003306,"最高机密相关文件",0,"",0,0,1,0,0,False,"","ui/icon/026000/026603.tex","",99,1,,0,"normal/item_start",0
2003307,"精舍花",0,"",0,0,1,0,0,False,"","ui/icon/022000/022627.tex","",99,1,,0,"normal/item_start",0
2003308,"中逢花",0,"",0,0,1,0,0,False,"","ui/icon/026000/026024.tex","",3,1," 用于祭奠之物",0,"normal/item_start",0
2003309,"灯芯水晶",0,"",0,0,1,0,0,False,"","ui/icon/020000/020007.tex","",1,1," 拾穗人的愿望",0,"normal/item_start",0
2003310,"驱兽香袋",0,"",0,0,1,0,0,False,"","ui/icon/026000/026110.tex","任务道具",3,1," 兔兔族的职业体验",0,"normal/item_start",0
2003311,"小包裹",0,"",0,0,1,0,0,False,"","ui/icon/026000/026110.tex","",1,1," 送给拥护者的东西",0,"normal/item_start",0
2003312,"金色的糖浆",0,"",0,0,1,0,0,False,"","ui/icon/020000/020707.tex","",1,1," 送给拥护者的东西",0,"normal/item_start",1
2003313,"引导辉石",0,"",0,0,1,0,0,False,"","ui/icon/021000/021269.tex","",1,1," 独行宝石兽",0,"normal/item_start",0
2003314,"独行宝石兽",0,"",0,0,1,0,0,False,"","ui/icon/059000/059544.tex","",1,1," 独行宝石兽",0,"normal/item_start",0
2003315,"亚麻色的炼金药",0,"",0,0,1,0,0,False,"","ui/icon/020000/020673.tex","任务道具",1,1," 研究员的担心",0,"normal/item_start",0
2003316,"厚实的麻袋",0,"",0,0,1,0,0,False,"","ui/icon/021000/021610.tex","任务道具",1,1," 恶魔的番茄汁",0,"normal/item_start",0
2003317,"装有番茄的麻袋",0,"",0,0,1,0,0,False,"","ui/icon/026000/026110.tex","",1,1," 恶魔的番茄汁",0,"normal/item_start",0
2003318,"家人的肖像画",0,"",0,0,1,0,0,False,"","ui/icon/026000/026179.tex","",1,1," 某家族的肖像",0,"normal/item_start",0
2003319,"硫磺粉末",0,"",0,0,1,0,0,False,"","ui/icon/022000/022629.tex","",1,1," 藏头露尾",1,"normal/item_start",4
2003320,"巨大苹果",0,"",0,0,1,0,0,False,"","ui/icon/025000/025308.tex","",5,1," 藏头露尾",0,"normal/item_start",0
2003321,"斯卡尼特的眼药水",0,"",0,0,1,0,0,False,"","ui/icon/020000/020704.tex","任务道具",1,1," 缓解使魔的眼疲劳",3,"normal/item_start",0
2003322,"苏摩的冰晶",0,"",0,0,1,0,0,False,"","ui/icon/020000/020015.tex","",2,1," 用于紧急冷却的冰晶",0,"normal/item_start",0
2003323,"«星晶镜计划史»",0,"",0,0,1,0,0,False,"","ui/icon/026000/026572.tex","",1,1," 收集镜与船的资料",0,"normal/item_start",0
2003324,"«星晶镜计划史II»",0,"",0,0,1,0,0,False,"","ui/icon/026000/026572.tex","",1,1," 收集镜与船的资料",0,"normal/item_start",0
2003325,"«方舟计划准备会记录»",0,"",0,0,1,0,0,False,"","ui/icon/026000/026572.tex","",1,1," 收集镜与船的资料",0,"normal/item_start",0
2003326,"阿尼罗的核心",0,"",0,0,1,0,0,False,"","ui/icon/021000/021293.tex","",1,1," 即将到来的月面开拓时代",0,"normal/item_start",0
2003327,"灰色的沙土",0,"",0,0,1,0,0,False,"","ui/icon/025000/025990.tex","",2,1," 我的职业与我日常的生活",0,"normal/item_start",0
2003328,"开心胡萝卜的种子",0,"",0,0,1,0,0,False,"","ui/icon/027000/027455.tex","任务道具",1,1," 我的名字与我追寻的梦想",3,"normal/item_start",0
2003329,"新鲜的开心胡萝卜",0,"",0,0,1,0,0,False,"","ui/icon/025000/025207.tex","",2,1," 我的名字与我追寻的梦想",0,"normal/item_start",0
2003330,"稀有材料",0,"",0,0,1,0,0,False,"","ui/icon/021000/021015.tex","",99,1,,0,"normal/item_start",0
2003331,"我的所爱的残骸",0,"",0,0,1,0,0,False,"","ui/icon/020000/020973.tex","",2,1," 战斗能力获得质的飞跃",0,"normal/item_start",0
2003332,"山鸡的毒囊",0,"",0,0,1,0,0,False,"","ui/icon/022000/022602.tex","",1,1," 制作特殊杀虫药！",0,"normal/item_start",0
2003333,"小块的石灰岩",0,"",0,0,1,0,0,False,"","ui/icon/022000/022615.tex","",3,1," 样品的志向",0,"normal/item_start",0
2003334,"阿那罗的强化核心",0,"",0,0,1,0,0,False,"","ui/icon/021000/021261.tex","",1,1," 贪图火属性以太之物",0,"normal/item_start",0
2003335,"苏摩的核心",0,"",0,0,1,0,0,False,"","ui/icon/021000/021266.tex","",2,1," 小萨雷安的英雄",0,"normal/item_start",0
2003336,"厄尔庇斯之鸟的羽毛",0,"",0,0,1,0,0,False,"","ui/icon/027000/027266.tex","",1,1," 极为出彩的主意",0,"normal/item_start",0
2003337,"怪树的果实",0,"",0,0,1,0,0,False,"","ui/icon/025000/025313.tex","",2,1," 小心消化液",0,"normal/item_start",0
2003338,"铁肌灵药",0,"",0,0,1,0,0,False,"","ui/icon/020000/020626.tex","",1,1," 小心消化液",0,"normal/item_start",0
2003339,"以太绳",0,"",0,0,1,0,0,False,"","ui/icon/020000/020905.tex","任务道具",3,1," 7只东云猬",3,"normal/item_start",0
2003341,"礼物果实",0,"",0,0,1,0,0,False,"","ui/icon/025000/025308.tex","",1,1," 观察对象诺托斯666号",0,"normal/item_start",0
2003342,"极细以太绳",0,"",0,0,1,0,0,False,"","ui/icon/020000/020905.tex","任务道具",3,1," 捕获性格暴躁的兽身异蛇",1,"normal/item_start",0
2003343,"被束缚的兽身异蛇",0,"",0,0,1,0,0,False,"","ui/icon/022000/022623.tex","",3,1," 捕获性格暴躁的兽身异蛇",0,"normal/item_start",0
2003345,"创造生物的理念",0,"",0,0,1,0,0,False,"","ui/icon/020000/020026.tex","",4,1," 来自创造管理局的客人",0,"normal/item_start",0
2003346,"红色的小果实",0,"",0,0,1,0,0,False,"","ui/icon/025000/025310.tex","",3,1," 不使用魔法的创造者",0,"normal/item_start",0
2003347,"甜美的香水",0,"",0,0,1,0,0,False,"","ui/icon/020000/020626.tex","",1,1," 闻香而来",0,"normal/item_start",0
2003348,"浮游以太块",0,"",0,0,1,0,0,False,"","ui/icon/020000/020006.tex","",2,1," 十二奇园的秘密",0,"normal/item_start",0
2003349,"剧毒水母的情报",0,"",0,0,1,0,0,False,"","ui/icon/026000/026572.tex","",1,1," 创造新浮岛",0,"normal/item_start",0
2003350,"有毒果实的情报",0,"",0,0,1,0,0,False,"","ui/icon/026000/026572.tex","",1,1," 创造新浮岛",0,"normal/item_start",0
2003351,"魔界花的情报",0,"",0,0,1,0,0,False,"","ui/icon/026000/026572.tex","",1,1," 创造新浮岛",0,"normal/item_start",0
2003352,"超细以太绳",0,"",0,0,1,0,0,False,"","ui/icon/020000/020905.tex","任务道具",4,1," 新品种植物展翅高飞",3,"normal/item_start",0
2003353,"被束缚的新品种植物",0,"",0,0,1,0,0,False,"","ui/icon/025000/025978.tex","",4,1," 新品种植物展翅高飞",0,"normal/item_start",0
2003354,"小号饲料袋",0,"",0,0,1,0,0,False,"","ui/icon/025000/025977.tex","",4,1," 似曾相识的幼体",0,"normal/item_start",0
2003355,"仄费罗斯72号的幼体",0,"",0,0,1,0,0,False,"","ui/icon/059000/059490.tex","",4,1," 似曾相识的幼体",0,"normal/item_start",0
2003356,"轻飘飘草",0,"",0,0,1,0,0,False,"","ui/icon/021000/021801.tex","",5,1," 浮草随风飘扬",0,"normal/item_start",0
2003357,"靶向水晶",0,"",0,0,1,0,0,False,"","ui/icon/020000/020024.tex","",1,1," 使魔大竞争",0,"normal/item_start",0
2003358,"连理花",0,"",0,0,1,0,0,False,"","ui/icon/025000/025543.tex","",1,1," 使魔大竞争",0,"normal/item_start",0
2003359,"黄色的创造花",0,"",0,0,1,0,0,False,"","ui/icon/025000/025512.tex","",1,1," 口口相传",0,"normal/item_start",0
2003360,"造物院的引导手册",0,"",0,0,1,0,0,False,"","ui/icon/026000/026170.tex","",1,1," 口口相传",0,"normal/item_start",0
2003361,"粉碎魔法的理念",0,"",0,0,1,0,0,False,"","ui/icon/020000/020001.tex","",1,1," 调整员的重要工作",3,"normal/item_start",3
2003362,"矿石的碎块",0,"",0,0,1,0,0,False,"","ui/icon/021000/021210.tex","",3,1," 调整员的重要工作",0,"normal/item_start",0
2003363,"缓步急行之像",0,"",0,0,1,0,0,False,"","ui/icon/059000/059775.tex","",1,1," 缓步急行之像",0,"normal/item_start",0
2003364,"色彩鲜艳的胡萝卜",0,"",0,0,1,0,0,False,"","ui/icon/025000/025207.tex","",1,1," 谢礼幸福胡萝卜",0,"normal/item_start",0
2003365,"睡着的创造生物",0,"",0,0,1,0,0,False,"","ui/icon/059000/059669.tex","",1,1," 四处奔波之人",0,"normal/item_start",0
2003366,"思考之物的菌丝",0,"",0,0,1,0,0,False,"","ui/icon/021000/021664.tex","",1,1," 月面真菌的异常",0,"normal/item_start",0
2003367,"人工雷之水晶",0,"",0,0,1,0,0,False,"","ui/icon/020000/020011.tex","",1,1," 守护环境的水晶",0,"normal/item_start",0
2003368,"人工风之水晶",0,"",0,0,1,0,0,False,"","ui/icon/020000/020010.tex","",1,1," 守护环境的水晶",0,"normal/item_start",0
2003369,"空荡荡的小瓶",0,"",0,0,1,0,0,False,"","ui/icon/020000/020669.tex","",1,1," 占卜不就是为了好结果吗？",0,"normal/item_start",0
2003370,"装满水的小瓶",0,"",0,0,1,0,0,False,"","ui/icon/020000/020668.tex","任务道具",1,1," 占卜不就是为了好结果吗？",3,"normal/item_start",0
2003371,"月蚤的尸体",0,"",0,0,1,0,0,False,"","ui/icon/025000/025977.tex","",1,1," 月球限定最新款时装",0,"normal/item_start",0
2003372,"麻麻赖赖的月面植物",0,"",0,0,1,0,0,False,"","ui/icon/025000/025993.tex","",1,1," 为了最美的月球花园",0,"normal/item_start",0
2003373,"晶晶亮亮的月面植物",0,"",0,0,1,0,0,False,"","ui/icon/025000/025991.tex","",1,1," 为了最美的月球花园",0,"normal/item_start",0
2003374,"颤颤巍巍的月面植物",0,"",0,0,1,0,0,False,"","ui/icon/025000/025992.tex","",1,1," 为了最美的月球花园",0,"normal/item_start",0
2003375,"月面仙人刺的结晶花",0,"",0,0,1,0,0,False,"","ui/icon/022000/022694.tex","",1,1," 开心也要适当哦",0,"normal/item_start",0
2003376,"人趣神花",0,"",0,0,1,0,0,False,"","ui/icon/025000/025606.tex","",1,1," 女儿的愿望与两朵花",0,"normal/item_start",0
2003377,"兽道神花",0,"",0,0,1,0,0,False,"","ui/icon/025000/025564.tex","",1,1," 女儿的愿望与两朵花",0,"normal/item_start",0
2003378,"青磷引擎的汽化器",0,"",0,0,1,0,0,False,"","ui/icon/020000/020916.tex","",1,1," 青年的梦想",0,"normal/item_start",0
2003379,"遗留的信",0,"",0,0,1,0,0,False,"","ui/icon/026000/026181.tex","",1,1," 等待家人的少年",0,"normal/item_start",0
2003382,"被束缚的东云猬",0,"",0,0,1,0,0,False,"","ui/icon/059000/059747.tex","",3,1," 7只东云猬",0,"normal/item_start",0
2003383,"金属饭盒",0,"",0,0,1,0,0,False,"","ui/icon/024000/024453.tex","",2,1," 飞天送盒饭",0,"normal/item_start",0
2003384,"遗烈乡伤药",0,"",0,0,1,0,0,False,"","ui/icon/020000/020706.tex","任务道具",1,1," 悌阳象族的友人",3,"normal/item_start",0
2003385,"再者的神经组织",0,"",0,0,1,0,0,False,"","ui/icon/029000/029181.tex","",1,1," 愿你找到人生的意义",0,"normal/item_start",0
2003386,"精神干涉绳",0,"",0,0,1,0,0,False,"","ui/icon/026000/026103.tex","",1,1," 帮助异亚恢复自我",3,"normal/item_start",0
2003387,"失去自我的异亚",0,"",0,0,1,0,0,False,"","ui/icon/026000/026111.tex","",1,1," 帮助异亚恢复自我",0,"normal/item_start",0
2003388,"获得认可的理念",0,"",0,0,1,0,0,False,"","ui/icon/020000/020026.tex","",2,1," 新理念的取名人",0,"normal/item_start",0
2003389,"连结以太绳",0,"",0,0,1,0,0,False,"","ui/icon/020000/020905.tex","",1,1," 卡律布狄斯的飞翔",0,"normal/item_start",0
2003390,"被束缚的卡律布狄斯",0,"",0,0,1,0,0,False,"","ui/icon/022000/022623.tex","",1,1," 卡律布狄斯的飞翔",0,"normal/item_start",0
2003391,"代米尔家的奇迹",0,"",0,0,1,0,0,False,"","ui/icon/026000/026162.tex","",1,1,"禁忌之门",0,"normal/item_start",0
2003392,"具有星极性的水",0,"",0,0,1,0,0,False,"","ui/icon/024000/024454.tex","",1,1,"禁忌之门",0,"normal/item_start",0
2003393,"河马骑手团宣传单",0,"",0,0,1,0,0,False,"","ui/icon/026000/026151.tex","",3,1," 河马骑手团的宣传单",0,"normal/item_start",0
2003394,"漂亮的小包",0,"",0,0,1,0,0,False,"","ui/icon/026000/026112.tex","",1,1," 河马骑手与海都的交易",0,"normal/item_start",0
2003395,"装干物的袋子",0,"",0,0,1,0,0,False,"","ui/icon/025000/025919.tex","",1,1," 河马骑手与海都的交易",0,"normal/item_start",0
2003396,"纳尔迪克＆威米利作坊的木箱",0,"",0,0,1,0,0,False,"","ui/icon/021000/021003.tex","",1,1," 河马骑手与海都的交易",0,"normal/item_start",0
2003397,"粗壮的彼岸妖红花藤蔓",0,"",0,0,1,0,0,False,"","ui/icon/021000/021672.tex","",1,1," 河马车的必需品",0,"normal/item_start",0
2003398,"«破坏论»的抄本",0,"",0,0,1,0,0,False,"","ui/icon/026000/026156.tex","",1,1,"调查信奉十二神的地域",0,"normal/item_start",0
2003399,"几乎空了的水壶",0,"",0,0,1,0,0,False,"","ui/icon/024000/024454.tex","",1,1,"探险家真实的一面",0,"normal/item_start",0
2003400,"深绿色八宝花",0,"",0,0,1,0,0,False,"","ui/icon/025000/025992.tex","",3,1," 象征生意兴隆的神兽大人",0,"normal/item_start",0
2003401,"河马用的肥皂",0,"",0,0,1,0,0,False,"","ui/icon/022000/022609.tex","任务道具",1,1," 起泡效果好的有机肥皂",3,"normal/item_start",0
2003402,"新鲜的水草",0,"",0,0,1,0,0,False,"","ui/icon/025000/025034.tex","",3,1," 万相森国的恩惠",0,"normal/item_start",0
2003403,"散发气味的腐肉",0,"",0,0,1,0,0,False,"","ui/icon/024000/024353.tex","任务道具",1,1," 河马强韧的牙齿",3,"normal/item_start",0
2003404,"古老毕舍遮的硬鳞",0,"",0,0,1,0,0,False,"","ui/icon/022000/022262.tex","",1,1," 河马强韧的牙齿",0,"normal/item_start",0
2003405,"巨胆石匕首",0,"",0,0,1,0,0,False,"","ui/icon/033000/033801.tex","任务道具",1,1," 漏水的日子",3,"normal/item_start",0
2003406,"巨木树汁",0,"",0,0,1,0,0,False,"","ui/icon/022000/022637.tex","",3,1," 漏水的日子",0,"normal/item_start",0
2003407,"代米尔爆破弹",0,"",0,0,1,0,0,False,"","ui/icon/026000/026015.tex","",1,1," 意外的保湿剂",3,"normal/item_start",3
2003408,"泥岩碎片",0,"",0,0,1,0,0,False,"","ui/icon/021000/021455.tex","",1,1," 意外的保湿剂",0,"normal/item_start",0
2003409,"斡德罕碎片",0,"",0,0,1,0,0,False,"","ui/icon/025000/025978.tex","",2,1," 戏剧性的起源",0,"normal/item_start",0
2003410,"装着苔藓的袋子",0,"",0,0,1,0,0,False,"","ui/icon/022000/022801.tex","",3,1," 苔藓的用途",0,"normal/item_start",0
2003411,"回收的酒钱",0,"",0,0,1,0,0,False,"","ui/icon/026000/026111.tex","",2,1," 欠钱必须还！",0,"normal/item_start",0
2003412,"浸水的货物",0,"",0,0,1,0,0,False,"","ui/icon/026000/026108.tex","",3,1," 河马失控，货物落水",0,"normal/item_start",0
2003413,"装鱼的袋子",0,"",0,0,1,0,0,False,"","ui/icon/026000/026110.tex","",1,1," 魅惑的白滨蟹",0,"normal/item_start",0
2003414,"白滨蟹的腿",0,"",0,0,1,0,0,False,"","ui/icon/022000/022261.tex","",2,1," 魅惑的白滨蟹",0,"normal/item_start",0
2003415,"装蛋的麻袋",0,"",0,0,1,0,0,False,"","ui/icon/025000/025919.tex","",1,1," 用桓娑鸟蛋制作美食",0,"normal/item_start",0
2003416,"鲜红海葵",0,"",0,0,1,0,0,False,"","ui/icon/028000/028404.tex","",2,1," 珍视的海之花",0,"normal/item_start",0
2003417,"金属饭盒",0,"",0,0,1,0,0,False,"","ui/icon/024000/024453.tex","",2,1," 不错的礼物",0,"normal/item_start",0
2003418,"庵摩罗果的果实",0,"",0,0,1,0,0,False,"","ui/icon/025000/025325.tex","",2,1," 不错的礼物",0,"normal/item_start",0
2003419,"装有废弃食材的袋子",0,"",0,0,1,0,0,False,"","ui/icon/025000/025919.tex","",2,1," 废弃食材有大用",0,"normal/item_start",0
2003420,"代米尔解毒剂",0,"",0,0,1,0,0,False,"","ui/icon/020000/020662.tex","任务道具",1,1," 阿输陀花的臭臭果实",3,"normal/item_start",0
2003421,"阿输陀花的果实",0,"",0,0,1,0,0,False,"","ui/icon/025000/025313.tex","",1,1," 阿输陀花的臭臭果实",0,"normal/item_start",0
2003422,"河马的饲料袋",0,"",0,0,1,0,0,False,"","ui/icon/025000/025919.tex","",1,1," 饥饿河马大逃脱",0,"normal/item_start",0
2003423,"娜修的特制药",0,"",0,0,1,0,0,False,"","ui/icon/026000/026015.tex","",1,1,"绅士的长梦",0,"normal/item_start",0
2003424,"绅士的吸魂晶",0,"",0,0,1,0,0,False,"","ui/icon/026000/026610.tex","",1,1,"真情重逢",0,"normal/item_start",0
2003440,"背世咖啡厅的盒饭",0,"",0,0,1,0,0,False,"","ui/icon/020000/020974.tex","",2,1," 空腹期结束",0,"normal/item_start",0
2003441,"合成纤维袋",0,"",0,0,1,0,0,False,"","ui/icon/026000/026110.tex","任务道具",1,1," 类人海豹搜索队",3,"normal/item_start",0
2003442,"装有格雷布洛弗的袋子",0,"",0,0,1,0,0,False,"","ui/icon/026000/026110.tex","",1,1," 类人海豹搜索队",0,"normal/item_start",0
2003443,"装矿石的麻袋",0,"",0,0,1,0,0,False,"","ui/icon/026000/026110.tex","",2,1,,0,"normal/item_start",0
2003444,"焚香炉",0,"",0,0,1,0,0,False,"","ui/icon/022000/022851.tex","",1,1,,0,"normal/item_start",0
2003445,"木制的桶",0,"",0,0,1,0,0,False,"","ui/icon/026000/026547.tex","",1,1,"弗栗多的想法",0,"normal/item_start",0
2003446,"装有青磷水的桶",0,"",0,0,1,0,0,False,"","ui/icon/026000/026547.tex","",1,1,"弗栗多的想法",0,"normal/item_start",0
2003447,"预言蛋",0,"",0,0,1,0,0,False,"","ui/icon/021000/021310.tex","",99,1,,0,"normal/item_start",0
2003448,"试验型协助机",0,"",0,0,1,0,0,False,"","ui/icon/025000/025990.tex","",1,1," 需要救助的协助机",0,"normal/item_start",0
2003449,"胡萝卜榴弹",0,"",0,0,1,0,0,False,"","ui/icon/026000/026015.tex","",1,1," 火花即是艺术！",3,"normal/item_start",3
2003450,"胡萝卜肉排",0,"",0,0,1,0,0,False,"","ui/icon/026000/026109.tex","",3,1," 带去幸福的美食",0,"normal/item_start",0
2003451,"迷你戈德伯特",0,"",0,0,1,0,0,False,"","ui/icon/059000/059876.tex","",2,1,"金碟游乐场与金色专访",0,"normal/item_start",0
2003452,"来自广播听众的信",0,"",0,0,1,0,0,False,"","ui/icon/026000/026171.tex","",4,1," 梦想永不会完结！",0,"normal/item_start",0
2003453,"诺亚的有用道具套装",0,"",0,0,1,0,0,False,"","ui/icon/026000/026544.tex","",1,1,"谜团笼罩的正统优雷卡",0,"normal/item_start",0
2003454,"索恩朝风格的扇子",0,"",0,0,1,0,0,False,"","ui/icon/026000/026128.tex","",1,1,"女儿节与扇之舞",0,"normal/item_start",0
2003455,"特殊宝物地图3",0,"",0,0,1,0,0,False,"","ui/icon/026000/026151.tex","任务道具",1,2,,0,"normal/item_start",0
2003456,"特殊传送魔纹地图3",0,"",0,0,1,0,0,False,"","ui/icon/026000/026151.tex","任务道具",1,2,,0,"normal/item_start",0
2003457,"蛇牛革制的宝物地图",0,"",0,0,1,0,0,False,"","ui/icon/026000/026151.tex","任务道具",1,2,,0,"normal/item_start",0
2003458,"6级传送魔纹的地图",0,"",0,0,1,0,0,False,"","ui/icon/026000/026151.tex","任务道具",1,2,,0,"normal/item_start",0
2003459,"大型陆龟的肝脏",0,"",0,0,1,0,0,False,"","ui/icon/025000/025919.tex","",1,1,"神秘的嫌疑人",0,"normal/item_start",0
2003460,"紫州土偶",0,"",0,0,1,0,0,False,"","ui/icon/025000/025919.tex","",1,1,,0,"normal/item_start",0
2003461,"经过调制的专用香辛料",0,"",0,0,1,0,0,False,"","ui/icon/025000/025979.tex","",1,1,"寻味拉札罕",0,"normal/item_start",0
2003463,"特殊宝物地图4",0,"",0,0,1,0,0,False,"","ui/icon/026000/026151.tex","任务道具",1,2,,0,"normal/item_start",0
2003464,"特殊传送魔纹地图4",0,"",0,0,1,0,0,False,"","ui/icon/026000/026151.tex","任务道具",1,2,,0,"normal/item_start",0
2003465,"少年们的礼物",0,"",0,0,1,0,0,False,"","ui/icon/026000/026109.tex","任务道具",1,1,"她的梦，她的家",0,"normal/item_start",0
2003466,"绳编手环",0,"",0,0,1,0,0,False,"","ui/icon/026000/026113.tex","",3,1,"星芒节与孩子们的友情",0,"normal/item_start",0
2003467,"刻有朋友名字的手环",0,"",0,0,1,0,0,False,"","ui/icon/026000/026107.tex","",1,1,"星芒节与孩子们的友情",0,"normal/item_start",0
2003471,"胡萝卜型增幅装置",0,"",0,0,1,0,0,False,"","ui/icon/025000/025207.tex","任务道具",1,1,"幽愿得偿",0,"normal/item_start",0
2003472,"无穷魔笛",0,"",0,0,1,0,0,False,"","ui/icon/026000/026038.tex","任务道具",1,1,"幽愿得偿",0,"normal/item_start",0
